22 35

start sign_in add_info_into_database database_handle_sign_in receive_sign_in_result_from_database log_in look_items add_item_to_wishlist send_request_to_database database_handle_request receive_item_info_from_database failed_to_order choose_pay_method call_third-part_purchase_platform third-part_purchase_platform_handle_request receive_result successfully_paid add_new_order_info_into_database database_handle_new_order receive_order_result_from_database failed_to_pay stop Serial1 Serial2 Serial3 Serial4 Serial5 Parallel1 Serial6 Serial7 Parallel2 Serial8 Serial9 Parallel3 Availability

0 0 0 0 0 0 0 0 0 0 0 0 0 0 0 0 0 0 0 0 0 0 1 0 0 0 0 0 0 0 0 0 0 0 0
0 0 0 0 0 0 0 0 0 0 0 0 0 0 0 0 0 0 0 0 0 0 0 0 0 0 1 0 0 0 0 0 0 0 0
0 0 0 0 0 0 0 0 0 0 0 0 0 0 0 0 0 0 0 0 0 0 0 0 0 0 1 0 0 0 0 0 0 0 0
0 0 0 0 0 0 0 0 0 0 0 0 0 0 0 0 0 0 0 0 0 0 0 0 0 0 1 0 0 0 0 0 0 0 0
0 0 0 0 0 0 0 0 0 0 0 0 0 0 0 0 0 0 0 0 0 0 0 0 0 0 1 0 0 0 0 0 0 0 0
0 0 0 0 0 0 0 0 0 0 0 0 0 0 0 0 0 0 0 0 0 0 0 1 0 0 0 0 0 0 0 0 0 0 0
0 0 0 0 0 0 0 0 0 0 0 0 0 0 0 0 0 0 0 0 0 0 0 1 0 0 0 0 0 0 0 0 0 0 0
0 0 0 0 0 0 0 0 0 0 0 0 0 0 0 0 0 0 0 0 0 0 0 1 0 0 0 0 0 0 0 0 0 0 0
0 0 0 0 0 0 0 0 0 0 0 0 0 0 0 0 0 0 0 0 0 0 0 1 0 0 0 0 0 0 0 0 0 0 0
0 0 0 0 0 0 0 0 0 0 0 0 0 0 0 0 0 0 0 0 0 0 0 1 0 0 0 0 0 0 0 0 0 0 0
0 0 0 0 0 0 0 0 0 0 0 0 0 0 0 0 0 0 0 0 0 0 0 1 0 0 0 0 0 0 0 0 0 0 0
0 0 0 0 0 0 0 0 0 0 0 0 0 0 0 0 0 0 0 0 0 0 0 0 0 0 0 0 1 0 0 0 0 0 0
0 0 0 0 0 0 0 0 0 0 0 0 0 0 0 0 0 0 0 0 0 0 0 0 0 0 0 0 0 1 0 0 0 0 0
0 0 0 0 0 0 0 0 0 0 0 0 0 0 0 0 0 0 0 0 0 0 0 0 0 0 0 0 0 1 0 0 0 0 0
0 0 0 0 0 0 0 0 0 0 0 0 0 0 0 0 0 0 0 0 0 0 0 0 0 0 0 0 0 1 0 0 0 0 0
0 0 0 0 0 0 0 0 0 0 0 0 0 0 0 0 0 0 0 0 0 0 0 0 0 0 0 0 0 1 0 0 0 0 0
0 0 0 0 0 0 0 0 0 0 0 0 0 0 0 0 0 0 0 0 0 0 0 0 0 0 0 0 0 0 0 1 0 0 0
0 0 0 0 0 0 0 0 0 0 0 0 0 0 0 0 0 0 0 0 0 0 0 0 0 0 0 0 0 0 0 1 0 0 0
0 0 0 0 0 0 0 0 0 0 0 0 0 0 0 0 0 0 0 0 0 0 0 0 0 0 0 0 0 0 0 1 0 0 0
0 0 0 0 0 0 0 0 0 0 0 0 0 0 0 0 0 0 0 0 0 0 0 0 0 0 0 0 0 0 0 1 0 0 0
0 0 0 0 0 0 0 0 0 0 0 0 0 0 0 0 0 0 0 0 0 0 0 0 0 0 0 0 0 0 0 0 1 0 0
0 0 0 0 0 0 0 0 0 0 0 0 0 0 0 0 0 0 0 0 0 0 0 0 1 0 0 0 0 0 0 0 0 0 0
0 0 0 0 0 0 0 0 0 0 0 0 0 0 0 0 0 0 0 0 0 0 0 0 0 0 0 0 0 0 0 0 0 0 1
0 0 0 0 0 0 0 0 0 0 0 0 0 0 0 0 0 0 0 0 0 0 0 0 0 0 0 0 0 0 0 0 0 0 1
0 0 0 0 0 0 0 0 0 0 0 0 0 0 0 0 0 0 0 0 0 0 0 0 0 0 0 0 0 0 0 0 0 0 1
0 0 0 0 0 0 0 0 0 0 0 0 0 0 0 0 0 0 0 0 0 0 0 0 0 0 0 1 0 0 0 0 0 0 0
0 0 0 0 0 0 0 0 0 0 0 0 0 0 0 0 0 0 0 0 0 0 0 0 0 0 0 1 0 0 0 0 0 0 0
0 0 0 0 0 0 0 0 0 0 0 0 0 0 0 0 0 0 0 0 0 0 0 0 0 0 0 0 0 0 0 0 0 0 1
0 0 0 0 0 0 0 0 0 0 0 0 0 0 0 0 0 0 0 0 0 0 0 0 0 0 0 0 0 0 1 0 0 0 0
0 0 0 0 0 0 0 0 0 0 0 0 0 0 0 0 0 0 0 0 0 0 0 0 0 0 0 0 0 0 1 0 0 0 0
0 0 0 0 0 0 0 0 0 0 0 0 0 0 0 0 0 0 0 0 0 0 0 0 0 0 0 0 0 0 0 0 0 0 1
0 0 0 0 0 0 0 0 0 0 0 0 0 0 0 0 0 0 0 0 0 0 0 0 0 0 0 0 0 0 0 0 0 1 0
0 0 0 0 0 0 0 0 0 0 0 0 0 0 0 0 0 0 0 0 0 0 0 0 0 0 0 0 0 0 0 0 0 1 0
0 0 0 0 0 0 0 0 0 0 0 0 0 0 0 0 0 0 0 0 0 0 0 0 0 0 0 0 0 1 0 0 0 0 0
0 0 0 0 0 0 0 0 0 0 0 0 0 0 0 0 0 0 0 0 0 0 0 0 0 0 0 0 0 0 0 0 0 0 0

0.9 0.1

0.74 0.26

0.74 0.26

0.675 0.325

0.9 0.1

0.9 0.1

0.8372 0.1628

0.87 0.13

0.74 0.26

0.675 0.325

0.74 0.26

0.87 0.13

0.87 0.13

0.87 0.13

0.9 0.1

0.87 0.13

0.87 0.13

0.74 0.26

0.675 0.325

0.74 0.26

0.87 0.13

0.9 0.1

0 1
1 0

0 1
0.1167 0.8833
0.1167 0.8833
0.2333 0.7667
0.1167 0.8833
0.2333 0.7667
0.2333 0.7667
0.35 0.65
0.1167 0.8833
0.2333 0.7667
0.2333 0.7667
0.35 0.65
0.2333 0.7667
0.35 0.65
0.35 0.65
0.4667 0.5333
0.1167 0.8833
0.2333 0.7667
0.2333 0.7667
0.35 0.65
0.2333 0.7667
0.35 0.65
0.35 0.65
0.4667 0.5333
0.2333 0.7667
0.35 0.65
0.35 0.65
0.4667 0.5333
0.35 0.65
0.4667 0.5333
0.4667 0.5333
0.5833 0.4167
0.1167 0.8833
0.2333 0.7667
0.2333 0.7667
0.35 0.65
0.2333 0.7667
0.35 0.65
0.35 0.65
0.4667 0.5333
0.2333 0.7667
0.35 0.65
0.35 0.65
0.4667 0.5333
0.35 0.65
0.4667 0.5333
0.4667 0.5333
0.5833 0.4167
0.2333 0.7667
0.35 0.65
0.35 0.65
0.4667 0.5333
0.35 0.65
0.4667 0.5333
0.4667 0.5333
0.5833 0.4167
0.35 0.65
0.4667 0.5333
0.4667 0.5333
0.5833 0.4167
0.4667 0.5333
0.5833 0.4167
0.5833 0.4167
1 0

0 1
1 0

1 0

0 1
0.175 0.825
0.175 0.825
0.35 0.65
0.175 0.825
0.35 0.65
0.35 0.65
0.525 0.475
0.175 0.825
0.35 0.65
0.35 0.65
0.525 0.475
0.35 0.65
0.525 0.475
0.525 0.475
1 0

0 1
0.5 0.5
0.5 0.5
1 0

0 1
1 0

0 1
0.14 0.86
0.14 0.86
0.28 0.72
0.14 0.86
0.28 0.72
0.28 0.72
0.42 0.58
0.14 0.86
0.28 0.72
0.28 0.72
0.42 0.58
0.28 0.72
0.42 0.58
0.42 0.58
0.56 0.44
0.14 0.86
0.28 0.72
0.28 0.72
0.42 0.58
0.28 0.72
0.42 0.58
0.42 0.58
0.56 0.44
0.28 0.72
0.42 0.58
0.42 0.58
0.56 0.44
0.42 0.58
0.56 0.44
0.56 0.44
1 0

0 1
0.5 0.5
0.5 0.5
1 0

0 1
0.175 0.825
0.175 0.825
0.35 0.65
0.175 0.825
0.35 0.65
0.35 0.65
0.525 0.475
0.175 0.825
0.35 0.65
0.35 0.65
0.525 0.475
0.35 0.65
0.525 0.475
0.525 0.475
1 0

0 1
1 0

0 1
0.5 0.5
0.5 0.5
1 0

0 1
0.2 0.8
0.2 0.8
0.4 0.6
0.2 0.8
0.4 0.6
0.4 0.6
0.6 0.4
0.2 0.8
0.4 0.6
0.4 0.6
0.6 0.4
0.4 0.6
0.6 0.4
0.6 0.4
0.8 0.2
0.2 0.8
0.4 0.6
0.4 0.6
0.6 0.4
0.4 0.6
0.6 0.4
0.6 0.4
0.8 0.2
0.4 0.6
0.6 0.4
0.6 0.4
0.8 0.2
0.6 0.4
0.8 0.2
0.8 0.2
1 0

