28 41

start Login_to_the_Stock_Management_System Admin_login_ID_and_Password Send_ID_and_Password Receive_ID_and_Password Check_ID_and_Password Check_ID_and_Password_in_Database Valid_ID_and_Dassword Send_user_level_and_permission Invalid_ID_or_Password return_Invalid_Info Send_login_Result Receive_login_Result Set_user_level_and_permissions Access_Internal_Functionalities Manage_Stock Manage_Product Manage_Quality Manage_Bill Manage_Custmor Send_Operation receive_Operation Call_Database Operation_Action Send_Result receive_Result Logout_from_the_System stop big_circle1 big_circle2 circle_parallel1 Serial1 Serial2 Serial3 Serial4 Serial5 Serial6 Serial7 Serial8 Parallel1 Availability

0 0 0 0 0 0 0 0 0 0 0 0 0 0 0 0 0 0 0 0 0 0 0 0 0 0 0 0 0 0 0 1 0 0 0 0 0 0 0 0 0
0 0 0 0 0 0 0 0 0 0 0 0 0 0 0 0 0 0 0 0 0 0 0 0 0 0 0 0 0 0 0 1 0 0 0 0 0 0 0 0 0
0 0 0 0 0 0 0 0 0 0 0 0 0 0 0 0 0 0 0 0 0 0 0 0 0 0 0 0 1 1 0 0 0 0 0 0 0 0 0 0 0
0 0 0 0 0 0 0 0 0 0 0 0 0 0 0 0 0 0 0 0 0 0 0 0 0 0 0 0 1 1 0 0 0 0 0 0 0 0 0 0 0
0 0 0 0 0 0 0 0 0 0 0 0 0 0 0 0 0 0 0 0 0 0 0 0 0 0 0 0 1 1 0 0 0 0 0 0 0 0 0 0 0
0 0 0 0 0 0 0 0 0 0 0 0 0 0 0 0 0 0 0 0 0 0 0 0 0 0 0 0 1 1 0 0 0 0 0 0 0 0 0 0 0
0 0 0 0 0 0 0 0 0 0 0 0 0 0 0 0 0 0 0 0 0 0 0 0 0 0 0 0 1 1 0 0 0 0 0 0 0 0 0 0 0
0 0 0 0 0 0 0 0 0 0 0 0 0 0 0 0 0 0 0 0 0 0 0 0 0 0 0 0 1 0 0 0 0 0 0 0 0 0 0 0 0
0 0 0 0 0 0 0 0 0 0 0 0 0 0 0 0 0 0 0 0 0 0 0 0 0 0 0 0 1 0 0 0 0 0 0 0 0 0 0 0 0
0 0 0 0 0 0 0 0 0 0 0 0 0 0 0 0 0 0 0 0 0 0 0 0 0 0 0 0 0 1 0 0 0 0 0 0 0 0 0 0 0
0 0 0 0 0 0 0 0 0 0 0 0 0 0 0 0 0 0 0 0 0 0 0 0 0 0 0 0 0 1 0 0 0 0 0 0 0 0 0 0 0
0 0 0 0 0 0 0 0 0 0 0 0 0 0 0 0 0 0 0 0 0 0 0 0 0 0 0 0 1 1 0 0 0 0 0 0 0 0 0 0 0
0 0 0 0 0 0 0 0 0 0 0 0 0 0 0 0 0 0 0 0 0 0 0 0 0 0 0 0 1 1 0 0 0 0 0 0 0 0 0 0 0
0 0 0 0 0 0 0 0 0 0 0 0 0 0 0 0 0 0 0 0 0 0 0 0 0 0 0 0 0 0 0 0 1 0 0 0 0 0 0 0 0
0 0 0 0 0 0 0 0 0 0 0 0 0 0 0 0 0 0 0 0 0 0 0 0 0 0 0 0 0 0 0 0 1 0 0 0 0 0 0 0 0
0 0 0 0 0 0 0 0 0 0 0 0 0 0 0 0 0 0 0 0 0 0 0 0 0 0 0 0 0 0 0 0 0 0 1 0 0 0 0 0 0
0 0 0 0 0 0 0 0 0 0 0 0 0 0 0 0 0 0 0 0 0 0 0 0 0 0 0 0 0 0 0 0 0 0 0 1 0 0 0 0 0
0 0 0 0 0 0 0 0 0 0 0 0 0 0 0 0 0 0 0 0 0 0 0 0 0 0 0 0 0 0 0 0 0 0 0 0 1 0 0 0 0
0 0 0 0 0 0 0 0 0 0 0 0 0 0 0 0 0 0 0 0 0 0 0 0 0 0 0 0 0 0 0 0 0 0 0 0 0 1 0 0 0
0 0 0 0 0 0 0 0 0 0 0 0 0 0 0 0 0 0 0 0 0 0 0 0 0 0 0 0 0 0 0 0 0 0 0 0 0 0 1 0 0
0 0 0 0 0 0 0 0 0 0 0 0 0 0 0 0 0 0 0 0 0 0 0 0 0 0 0 0 0 0 0 0 0 1 0 0 0 0 0 0 0
0 0 0 0 0 0 0 0 0 0 0 0 0 0 0 0 0 0 0 0 0 0 0 0 0 0 0 0 0 0 0 0 0 1 0 0 0 0 0 0 0
0 0 0 0 0 0 0 0 0 0 0 0 0 0 0 0 0 0 0 0 0 0 0 0 0 0 0 0 0 0 0 0 0 1 0 0 0 0 0 0 0
0 0 0 0 0 0 0 0 0 0 0 0 0 0 0 0 0 0 0 0 0 0 0 0 0 0 0 0 0 0 0 0 0 1 0 0 0 0 0 0 0
0 0 0 0 0 0 0 0 0 0 0 0 0 0 0 0 0 0 0 0 0 0 0 0 0 0 0 0 0 0 0 0 0 1 0 0 0 0 0 0 0
0 0 0 0 0 0 0 0 0 0 0 0 0 0 0 0 0 0 0 0 0 0 0 0 0 0 0 0 0 0 0 0 0 1 0 0 0 0 0 0 0
0 0 0 0 0 0 0 0 0 0 0 0 0 0 0 0 0 0 0 0 0 0 0 0 0 0 0 0 0 0 0 0 0 1 0 0 0 0 0 0 0
0 0 0 0 0 0 0 0 0 0 0 0 0 0 0 0 0 0 0 0 0 0 0 0 0 0 0 0 0 0 0 0 0 1 0 0 0 0 0 0 0
0 0 0 0 0 0 0 0 0 0 0 0 0 0 0 0 0 0 0 0 0 0 0 0 0 0 0 0 0 0 1 0 0 0 0 0 0 0 0 0 0
0 0 0 0 0 0 0 0 0 0 0 0 0 0 0 0 0 0 0 0 0 0 0 0 0 0 0 0 0 0 1 0 0 0 0 0 0 0 0 0 0
0 0 0 0 0 0 0 0 0 0 0 0 0 0 0 0 0 0 0 0 0 0 0 0 0 0 0 0 0 0 0 0 0 0 0 0 0 0 0 0 1
0 0 0 0 0 0 0 0 0 0 0 0 0 0 0 0 0 0 0 0 0 0 0 0 0 0 0 0 0 0 0 0 0 0 0 0 0 0 0 0 1
0 0 0 0 0 0 0 0 0 0 0 0 0 0 0 0 0 0 0 0 0 0 0 0 0 0 0 0 0 0 0 0 0 0 0 0 0 0 0 0 1
0 0 0 0 0 0 0 0 0 0 0 0 0 0 0 0 0 0 0 0 0 0 0 0 0 0 0 0 0 0 0 0 0 0 0 0 0 0 0 0 1
0 0 0 0 0 0 0 0 0 0 0 0 0 0 0 0 0 0 0 0 0 0 0 0 0 0 0 0 0 0 0 0 0 0 0 0 0 0 0 1 0
0 0 0 0 0 0 0 0 0 0 0 0 0 0 0 0 0 0 0 0 0 0 0 0 0 0 0 0 0 0 0 0 0 0 0 0 0 0 0 1 0
0 0 0 0 0 0 0 0 0 0 0 0 0 0 0 0 0 0 0 0 0 0 0 0 0 0 0 0 0 0 0 0 0 0 0 0 0 0 0 1 0
0 0 0 0 0 0 0 0 0 0 0 0 0 0 0 0 0 0 0 0 0 0 0 0 0 0 0 0 0 0 0 0 0 0 0 0 0 0 0 1 0
0 0 0 0 0 0 0 0 0 0 0 0 0 0 0 0 0 0 0 0 0 0 0 0 0 0 0 0 0 0 0 0 0 0 0 0 0 0 0 1 0
0 0 0 0 0 0 0 0 0 0 0 0 0 0 0 0 0 0 0 0 0 0 0 0 0 0 0 0 0 0 0 0 0 0 0 0 0 0 0 0 1
0 0 0 0 0 0 0 0 0 0 0 0 0 0 0 0 0 0 0 0 0 0 0 0 0 0 0 0 0 0 0 0 0 0 0 0 0 0 0 0 0

0.9 0.1

0.9297 0.0703

0.9297 0.0703

0.9297 0.0703

0.9 0.1

0.9 0.1

0.675 0.325

0.9 0.1

0.9 0.1

0.9 0.1

0.9 0.1

0.9 0.1

0.9297 0.0703

0.9297 0.0703

0.9297 0.0703

0.8743 0.1257

0.8743 0.1257

0.8743 0.1257

0.8743 0.1257

0.8743 0.1257

0.9297 0.0703

0.9 0.1

0.9 0.1

0.675 0.325

0.9 0.1

0.9297 0.0703

0.9 0.1

0.9 0.1

0 1
0.0778 0.9222
0.0778 0.9222
0.1556 0.8444
0.0778 0.9222
0.1556 0.8444
0.1556 0.8444
0.2333 0.7667
0.0778 0.9222
0.1556 0.8444
0.1556 0.8444
0.2333 0.7667
0.1556 0.8444
0.2333 0.7667
0.2333 0.7667
0.3111 0.6889
0.0778 0.9222
0.1556 0.8444
0.1556 0.8444
0.2333 0.7667
0.1556 0.8444
0.2333 0.7667
0.2333 0.7667
0.3111 0.6889
0.1556 0.8444
0.2333 0.7667
0.2333 0.7667
0.3111 0.6889
0.2333 0.7667
0.3111 0.6889
0.3111 0.6889
0.3889 0.6111
0.0778 0.9222
0.1556 0.8444
0.1556 0.8444
0.2333 0.7667
0.1556 0.8444
0.2333 0.7667
0.2333 0.7667
0.3111 0.6889
0.1556 0.8444
0.2333 0.7667
0.2333 0.7667
0.3111 0.6889
0.2333 0.7667
0.3111 0.6889
0.3111 0.6889
0.3889 0.6111
0.1556 0.8444
0.2333 0.7667
0.2333 0.7667
0.3111 0.6889
0.2333 0.7667
0.3111 0.6889
0.3111 0.6889
0.3889 0.6111
0.2333 0.7667
0.3111 0.6889
0.3111 0.6889
0.3889 0.6111
0.3111 0.6889
0.3889 0.6111
0.3889 0.6111
0.4667 0.5333
0.0778 0.9222
0.1556 0.8444
0.1556 0.8444
0.2333 0.7667
0.1556 0.8444
0.2333 0.7667
0.2333 0.7667
0.3111 0.6889
0.1556 0.8444
0.2333 0.7667
0.2333 0.7667
0.3111 0.6889
0.2333 0.7667
0.3111 0.6889
0.3111 0.6889
0.3889 0.6111
0.1556 0.8444
0.2333 0.7667
0.2333 0.7667
0.3111 0.6889
0.2333 0.7667
0.3111 0.6889
0.3111 0.6889
0.3889 0.6111
0.2333 0.7667
0.3111 0.6889
0.3111 0.6889
0.3889 0.6111
0.3111 0.6889
0.3889 0.6111
0.3889 0.6111
0.4667 0.5333
0.1556 0.8444
0.2333 0.7667
0.2333 0.7667
0.3111 0.6889
0.2333 0.7667
0.3111 0.6889
0.3111 0.6889
0.3889 0.6111
0.2333 0.7667
0.3111 0.6889
0.3111 0.6889
0.3889 0.6111
0.3111 0.6889
0.3889 0.6111
0.3889 0.6111
0.4667 0.5333
0.2333 0.7667
0.3111 0.6889
0.3111 0.6889
0.3889 0.6111
0.3111 0.6889
0.3889 0.6111
0.3889 0.6111
0.4667 0.5333
0.3111 0.6889
0.3889 0.6111
0.3889 0.6111
0.4667 0.5333
0.3889 0.6111
0.4667 0.5333
0.4667 0.5333
0.5444 0.4556
0.0778 0.9222
0.1556 0.8444
0.1556 0.8444
0.2333 0.7667
0.1556 0.8444
0.2333 0.7667
0.2333 0.7667
0.3111 0.6889
0.1556 0.8444
0.2333 0.7667
0.2333 0.7667
0.3111 0.6889
0.2333 0.7667
0.3111 0.6889
0.3111 0.6889
0.3889 0.6111
0.1556 0.8444
0.2333 0.7667
0.2333 0.7667
0.3111 0.6889
0.2333 0.7667
0.3111 0.6889
0.3111 0.6889
0.3889 0.6111
0.2333 0.7667
0.3111 0.6889
0.3111 0.6889
0.3889 0.6111
0.3111 0.6889
0.3889 0.6111
0.3889 0.6111
0.4667 0.5333
0.1556 0.8444
0.2333 0.7667
0.2333 0.7667
0.3111 0.6889
0.2333 0.7667
0.3111 0.6889
0.3111 0.6889
0.3889 0.6111
0.2333 0.7667
0.3111 0.6889
0.3111 0.6889
0.3889 0.6111
0.3111 0.6889
0.3889 0.6111
0.3889 0.6111
0.4667 0.5333
0.2333 0.7667
0.3111 0.6889
0.3111 0.6889
0.3889 0.6111
0.3111 0.6889
0.3889 0.6111
0.3889 0.6111
0.4667 0.5333
0.3111 0.6889
0.3889 0.6111
0.3889 0.6111
0.4667 0.5333
0.3889 0.6111
0.4667 0.5333
0.4667 0.5333
0.5444 0.4556
0.1556 0.8444
0.2333 0.7667
0.2333 0.7667
0.3111 0.6889
0.2333 0.7667
0.3111 0.6889
0.3111 0.6889
0.3889 0.6111
0.2333 0.7667
0.3111 0.6889
0.3111 0.6889
0.3889 0.6111
0.3111 0.6889
0.3889 0.6111
0.3889 0.6111
0.4667 0.5333
0.2333 0.7667
0.3111 0.6889
0.3111 0.6889
0.3889 0.6111
0.3111 0.6889
0.3889 0.6111
0.3889 0.6111
0.4667 0.5333
0.3111 0.6889
0.3889 0.6111
0.3889 0.6111
0.4667 0.5333
0.3889 0.6111
0.4667 0.5333
0.4667 0.5333
0.5444 0.4556
0.2333 0.7667
0.3111 0.6889
0.3111 0.6889
0.3889 0.6111
0.3111 0.6889
0.3889 0.6111
0.3889 0.6111
0.4667 0.5333
0.3111 0.6889
0.3889 0.6111
0.3889 0.6111
0.4667 0.5333
0.3889 0.6111
0.4667 0.5333
0.4667 0.5333
0.5444 0.4556
0.3111 0.6889
0.3889 0.6111
0.3889 0.6111
0.4667 0.5333
0.3889 0.6111
0.4667 0.5333
0.4667 0.5333
0.5444 0.4556
0.3889 0.6111
0.4667 0.5333
0.4667 0.5333
0.5444 0.4556
0.4667 0.5333
0.5444 0.4556
0.5444 0.4556
0.6222 0.3778
0.0778 0.9222
0.1556 0.8444
0.1556 0.8444
0.2333 0.7667
0.1556 0.8444
0.2333 0.7667
0.2333 0.7667
0.3111 0.6889
0.1556 0.8444
0.2333 0.7667
0.2333 0.7667
0.3111 0.6889
0.2333 0.7667
0.3111 0.6889
0.3111 0.6889
0.3889 0.6111
0.1556 0.8444
0.2333 0.7667
0.2333 0.7667
0.3111 0.6889
0.2333 0.7667
0.3111 0.6889
0.3111 0.6889
0.3889 0.6111
0.2333 0.7667
0.3111 0.6889
0.3111 0.6889
0.3889 0.6111
0.3111 0.6889
0.3889 0.6111
0.3889 0.6111
0.4667 0.5333
0.1556 0.8444
0.2333 0.7667
0.2333 0.7667
0.3111 0.6889
0.2333 0.7667
0.3111 0.6889
0.3111 0.6889
0.3889 0.6111
0.2333 0.7667
0.3111 0.6889
0.3111 0.6889
0.3889 0.6111
0.3111 0.6889
0.3889 0.6111
0.3889 0.6111
0.4667 0.5333
0.2333 0.7667
0.3111 0.6889
0.3111 0.6889
0.3889 0.6111
0.3111 0.6889
0.3889 0.6111
0.3889 0.6111
0.4667 0.5333
0.3111 0.6889
0.3889 0.6111
0.3889 0.6111
0.4667 0.5333
0.3889 0.6111
0.4667 0.5333
0.4667 0.5333
0.5444 0.4556
0.1556 0.8444
0.2333 0.7667
0.2333 0.7667
0.3111 0.6889
0.2333 0.7667
0.3111 0.6889
0.3111 0.6889
0.3889 0.6111
0.2333 0.7667
0.3111 0.6889
0.3111 0.6889
0.3889 0.6111
0.3111 0.6889
0.3889 0.6111
0.3889 0.6111
0.4667 0.5333
0.2333 0.7667
0.3111 0.6889
0.3111 0.6889
0.3889 0.6111
0.3111 0.6889
0.3889 0.6111
0.3889 0.6111
0.4667 0.5333
0.3111 0.6889
0.3889 0.6111
0.3889 0.6111
0.4667 0.5333
0.3889 0.6111
0.4667 0.5333
0.4667 0.5333
0.5444 0.4556
0.2333 0.7667
0.3111 0.6889
0.3111 0.6889
0.3889 0.6111
0.3111 0.6889
0.3889 0.6111
0.3889 0.6111
0.4667 0.5333
0.3111 0.6889
0.3889 0.6111
0.3889 0.6111
0.4667 0.5333
0.3889 0.6111
0.4667 0.5333
0.4667 0.5333
0.5444 0.4556
0.3111 0.6889
0.3889 0.6111
0.3889 0.6111
0.4667 0.5333
0.3889 0.6111
0.4667 0.5333
0.4667 0.5333
0.5444 0.4556
0.3889 0.6111
0.4667 0.5333
0.4667 0.5333
0.5444 0.4556
0.4667 0.5333
0.5444 0.4556
0.5444 0.4556
0.6222 0.3778
0.1556 0.8444
0.2333 0.7667
0.2333 0.7667
0.3111 0.6889
0.2333 0.7667
0.3111 0.6889
0.3111 0.6889
0.3889 0.6111
0.2333 0.7667
0.3111 0.6889
0.3111 0.6889
0.3889 0.6111
0.3111 0.6889
0.3889 0.6111
0.3889 0.6111
0.4667 0.5333
0.2333 0.7667
0.3111 0.6889
0.3111 0.6889
0.3889 0.6111
0.3111 0.6889
0.3889 0.6111
0.3889 0.6111
0.4667 0.5333
0.3111 0.6889
0.3889 0.6111
0.3889 0.6111
0.4667 0.5333
0.3889 0.6111
0.4667 0.5333
0.4667 0.5333
0.5444 0.4556
0.2333 0.7667
0.3111 0.6889
0.3111 0.6889
0.3889 0.6111
0.3111 0.6889
0.3889 0.6111
0.3889 0.6111
0.4667 0.5333
0.3111 0.6889
0.3889 0.6111
0.3889 0.6111
0.4667 0.5333
0.3889 0.6111
0.4667 0.5333
0.4667 0.5333
0.5444 0.4556
0.3111 0.6889
0.3889 0.6111
0.3889 0.6111
0.4667 0.5333
0.3889 0.6111
0.4667 0.5333
0.4667 0.5333
0.5444 0.4556
0.3889 0.6111
0.4667 0.5333
0.4667 0.5333
0.5444 0.4556
0.4667 0.5333
0.5444 0.4556
0.5444 0.4556
0.6222 0.3778
0.2333 0.7667
0.3111 0.6889
0.3111 0.6889
0.3889 0.6111
0.3111 0.6889
0.3889 0.6111
0.3889 0.6111
0.4667 0.5333
0.3111 0.6889
0.3889 0.6111
0.3889 0.6111
0.4667 0.5333
0.3889 0.6111
0.4667 0.5333
0.4667 0.5333
0.5444 0.4556
0.3111 0.6889
0.3889 0.6111
0.3889 0.6111
0.4667 0.5333
0.3889 0.6111
0.4667 0.5333
0.4667 0.5333
0.5444 0.4556
0.3889 0.6111
0.4667 0.5333
0.4667 0.5333
0.5444 0.4556
0.4667 0.5333
0.5444 0.4556
0.5444 0.4556
0.6222 0.3778
0.3111 0.6889
0.3889 0.6111
0.3889 0.6111
0.4667 0.5333
0.3889 0.6111
0.4667 0.5333
0.4667 0.5333
0.5444 0.4556
0.3889 0.6111
0.4667 0.5333
0.4667 0.5333
0.5444 0.4556
0.4667 0.5333
0.5444 0.4556
0.5444 0.4556
0.6222 0.3778
0.3889 0.6111
0.4667 0.5333
0.4667 0.5333
0.5444 0.4556
0.4667 0.5333
0.5444 0.4556
0.5444 0.4556
0.6222 0.3778
0.4667 0.5333
0.5444 0.4556
0.5444 0.4556
0.6222 0.3778
0.5444 0.4556
0.6222 0.3778
0.6222 0.3778
1 0

0 1
0.0778 0.9222
0.0778 0.9222
0.1556 0.8444
0.0778 0.9222
0.1556 0.8444
0.1556 0.8444
0.2333 0.7667
0.0778 0.9222
0.1556 0.8444
0.1556 0.8444
0.2333 0.7667
0.1556 0.8444
0.2333 0.7667
0.2333 0.7667
0.3111 0.6889
0.0778 0.9222
0.1556 0.8444
0.1556 0.8444
0.2333 0.7667
0.1556 0.8444
0.2333 0.7667
0.2333 0.7667
0.3111 0.6889
0.1556 0.8444
0.2333 0.7667
0.2333 0.7667
0.3111 0.6889
0.2333 0.7667
0.3111 0.6889
0.3111 0.6889
0.3889 0.6111
0.0778 0.9222
0.1556 0.8444
0.1556 0.8444
0.2333 0.7667
0.1556 0.8444
0.2333 0.7667
0.2333 0.7667
0.3111 0.6889
0.1556 0.8444
0.2333 0.7667
0.2333 0.7667
0.3111 0.6889
0.2333 0.7667
0.3111 0.6889
0.3111 0.6889
0.3889 0.6111
0.1556 0.8444
0.2333 0.7667
0.2333 0.7667
0.3111 0.6889
0.2333 0.7667
0.3111 0.6889
0.3111 0.6889
0.3889 0.6111
0.2333 0.7667
0.3111 0.6889
0.3111 0.6889
0.3889 0.6111
0.3111 0.6889
0.3889 0.6111
0.3889 0.6111
0.4667 0.5333
0.0778 0.9222
0.1556 0.8444
0.1556 0.8444
0.2333 0.7667
0.1556 0.8444
0.2333 0.7667
0.2333 0.7667
0.3111 0.6889
0.1556 0.8444
0.2333 0.7667
0.2333 0.7667
0.3111 0.6889
0.2333 0.7667
0.3111 0.6889
0.3111 0.6889
0.3889 0.6111
0.1556 0.8444
0.2333 0.7667
0.2333 0.7667
0.3111 0.6889
0.2333 0.7667
0.3111 0.6889
0.3111 0.6889
0.3889 0.6111
0.2333 0.7667
0.3111 0.6889
0.3111 0.6889
0.3889 0.6111
0.3111 0.6889
0.3889 0.6111
0.3889 0.6111
0.4667 0.5333
0.1556 0.8444
0.2333 0.7667
0.2333 0.7667
0.3111 0.6889
0.2333 0.7667
0.3111 0.6889
0.3111 0.6889
0.3889 0.6111
0.2333 0.7667
0.3111 0.6889
0.3111 0.6889
0.3889 0.6111
0.3111 0.6889
0.3889 0.6111
0.3889 0.6111
0.4667 0.5333
0.2333 0.7667
0.3111 0.6889
0.3111 0.6889
0.3889 0.6111
0.3111 0.6889
0.3889 0.6111
0.3889 0.6111
0.4667 0.5333
0.3111 0.6889
0.3889 0.6111
0.3889 0.6111
0.4667 0.5333
0.3889 0.6111
0.4667 0.5333
0.4667 0.5333
0.5444 0.4556
0.0778 0.9222
0.1556 0.8444
0.1556 0.8444
0.2333 0.7667
0.1556 0.8444
0.2333 0.7667
0.2333 0.7667
0.3111 0.6889
0.1556 0.8444
0.2333 0.7667
0.2333 0.7667
0.3111 0.6889
0.2333 0.7667
0.3111 0.6889
0.3111 0.6889
0.3889 0.6111
0.1556 0.8444
0.2333 0.7667
0.2333 0.7667
0.3111 0.6889
0.2333 0.7667
0.3111 0.6889
0.3111 0.6889
0.3889 0.6111
0.2333 0.7667
0.3111 0.6889
0.3111 0.6889
0.3889 0.6111
0.3111 0.6889
0.3889 0.6111
0.3889 0.6111
0.4667 0.5333
0.1556 0.8444
0.2333 0.7667
0.2333 0.7667
0.3111 0.6889
0.2333 0.7667
0.3111 0.6889
0.3111 0.6889
0.3889 0.6111
0.2333 0.7667
0.3111 0.6889
0.3111 0.6889
0.3889 0.6111
0.3111 0.6889
0.3889 0.6111
0.3889 0.6111
0.4667 0.5333
0.2333 0.7667
0.3111 0.6889
0.3111 0.6889
0.3889 0.6111
0.3111 0.6889
0.3889 0.6111
0.3889 0.6111
0.4667 0.5333
0.3111 0.6889
0.3889 0.6111
0.3889 0.6111
0.4667 0.5333
0.3889 0.6111
0.4667 0.5333
0.4667 0.5333
0.5444 0.4556
0.1556 0.8444
0.2333 0.7667
0.2333 0.7667
0.3111 0.6889
0.2333 0.7667
0.3111 0.6889
0.3111 0.6889
0.3889 0.6111
0.2333 0.7667
0.3111 0.6889
0.3111 0.6889
0.3889 0.6111
0.3111 0.6889
0.3889 0.6111
0.3889 0.6111
0.4667 0.5333
0.2333 0.7667
0.3111 0.6889
0.3111 0.6889
0.3889 0.6111
0.3111 0.6889
0.3889 0.6111
0.3889 0.6111
0.4667 0.5333
0.3111 0.6889
0.3889 0.6111
0.3889 0.6111
0.4667 0.5333
0.3889 0.6111
0.4667 0.5333
0.4667 0.5333
0.5444 0.4556
0.2333 0.7667
0.3111 0.6889
0.3111 0.6889
0.3889 0.6111
0.3111 0.6889
0.3889 0.6111
0.3889 0.6111
0.4667 0.5333
0.3111 0.6889
0.3889 0.6111
0.3889 0.6111
0.4667 0.5333
0.3889 0.6111
0.4667 0.5333
0.4667 0.5333
0.5444 0.4556
0.3111 0.6889
0.3889 0.6111
0.3889 0.6111
0.4667 0.5333
0.3889 0.6111
0.4667 0.5333
0.4667 0.5333
0.5444 0.4556
0.3889 0.6111
0.4667 0.5333
0.4667 0.5333
0.5444 0.4556
0.4667 0.5333
0.5444 0.4556
0.5444 0.4556
0.6222 0.3778
0.0778 0.9222
0.1556 0.8444
0.1556 0.8444
0.2333 0.7667
0.1556 0.8444
0.2333 0.7667
0.2333 0.7667
0.3111 0.6889
0.1556 0.8444
0.2333 0.7667
0.2333 0.7667
0.3111 0.6889
0.2333 0.7667
0.3111 0.6889
0.3111 0.6889
0.3889 0.6111
0.1556 0.8444
0.2333 0.7667
0.2333 0.7667
0.3111 0.6889
0.2333 0.7667
0.3111 0.6889
0.3111 0.6889
0.3889 0.6111
0.2333 0.7667
0.3111 0.6889
0.3111 0.6889
0.3889 0.6111
0.3111 0.6889
0.3889 0.6111
0.3889 0.6111
0.4667 0.5333
0.1556 0.8444
0.2333 0.7667
0.2333 0.7667
0.3111 0.6889
0.2333 0.7667
0.3111 0.6889
0.3111 0.6889
0.3889 0.6111
0.2333 0.7667
0.3111 0.6889
0.3111 0.6889
0.3889 0.6111
0.3111 0.6889
0.3889 0.6111
0.3889 0.6111
0.4667 0.5333
0.2333 0.7667
0.3111 0.6889
0.3111 0.6889
0.3889 0.6111
0.3111 0.6889
0.3889 0.6111
0.3889 0.6111
0.4667 0.5333
0.3111 0.6889
0.3889 0.6111
0.3889 0.6111
0.4667 0.5333
0.3889 0.6111
0.4667 0.5333
0.4667 0.5333
0.5444 0.4556
0.1556 0.8444
0.2333 0.7667
0.2333 0.7667
0.3111 0.6889
0.2333 0.7667
0.3111 0.6889
0.3111 0.6889
0.3889 0.6111
0.2333 0.7667
0.3111 0.6889
0.3111 0.6889
0.3889 0.6111
0.3111 0.6889
0.3889 0.6111
0.3889 0.6111
0.4667 0.5333
0.2333 0.7667
0.3111 0.6889
0.3111 0.6889
0.3889 0.6111
0.3111 0.6889
0.3889 0.6111
0.3889 0.6111
0.4667 0.5333
0.3111 0.6889
0.3889 0.6111
0.3889 0.6111
0.4667 0.5333
0.3889 0.6111
0.4667 0.5333
0.4667 0.5333
0.5444 0.4556
0.2333 0.7667
0.3111 0.6889
0.3111 0.6889
0.3889 0.6111
0.3111 0.6889
0.3889 0.6111
0.3889 0.6111
0.4667 0.5333
0.3111 0.6889
0.3889 0.6111
0.3889 0.6111
0.4667 0.5333
0.3889 0.6111
0.4667 0.5333
0.4667 0.5333
0.5444 0.4556
0.3111 0.6889
0.3889 0.6111
0.3889 0.6111
0.4667 0.5333
0.3889 0.6111
0.4667 0.5333
0.4667 0.5333
0.5444 0.4556
0.3889 0.6111
0.4667 0.5333
0.4667 0.5333
0.5444 0.4556
0.4667 0.5333
0.5444 0.4556
0.5444 0.4556
0.6222 0.3778
0.1556 0.8444
0.2333 0.7667
0.2333 0.7667
0.3111 0.6889
0.2333 0.7667
0.3111 0.6889
0.3111 0.6889
0.3889 0.6111
0.2333 0.7667
0.3111 0.6889
0.3111 0.6889
0.3889 0.6111
0.3111 0.6889
0.3889 0.6111
0.3889 0.6111
0.4667 0.5333
0.2333 0.7667
0.3111 0.6889
0.3111 0.6889
0.3889 0.6111
0.3111 0.6889
0.3889 0.6111
0.3889 0.6111
0.4667 0.5333
0.3111 0.6889
0.3889 0.6111
0.3889 0.6111
0.4667 0.5333
0.3889 0.6111
0.4667 0.5333
0.4667 0.5333
0.5444 0.4556
0.2333 0.7667
0.3111 0.6889
0.3111 0.6889
0.3889 0.6111
0.3111 0.6889
0.3889 0.6111
0.3889 0.6111
0.4667 0.5333
0.3111 0.6889
0.3889 0.6111
0.3889 0.6111
0.4667 0.5333
0.3889 0.6111
0.4667 0.5333
0.4667 0.5333
0.5444 0.4556
0.3111 0.6889
0.3889 0.6111
0.3889 0.6111
0.4667 0.5333
0.3889 0.6111
0.4667 0.5333
0.4667 0.5333
0.5444 0.4556
0.3889 0.6111
0.4667 0.5333
0.4667 0.5333
0.5444 0.4556
0.4667 0.5333
0.5444 0.4556
0.5444 0.4556
0.6222 0.3778
0.2333 0.7667
0.3111 0.6889
0.3111 0.6889
0.3889 0.6111
0.3111 0.6889
0.3889 0.6111
0.3889 0.6111
0.4667 0.5333
0.3111 0.6889
0.3889 0.6111
0.3889 0.6111
0.4667 0.5333
0.3889 0.6111
0.4667 0.5333
0.4667 0.5333
0.5444 0.4556
0.3111 0.6889
0.3889 0.6111
0.3889 0.6111
0.4667 0.5333
0.3889 0.6111
0.4667 0.5333
0.4667 0.5333
0.5444 0.4556
0.3889 0.6111
0.4667 0.5333
0.4667 0.5333
0.5444 0.4556
0.4667 0.5333
0.5444 0.4556
0.5444 0.4556
0.6222 0.3778
0.3111 0.6889
0.3889 0.6111
0.3889 0.6111
0.4667 0.5333
0.3889 0.6111
0.4667 0.5333
0.4667 0.5333
0.5444 0.4556
0.3889 0.6111
0.4667 0.5333
0.4667 0.5333
0.5444 0.4556
0.4667 0.5333
0.5444 0.4556
0.5444 0.4556
0.6222 0.3778
0.3889 0.6111
0.4667 0.5333
0.4667 0.5333
0.5444 0.4556
0.4667 0.5333
0.5444 0.4556
0.5444 0.4556
0.6222 0.3778
0.4667 0.5333
0.5444 0.4556
0.5444 0.4556
0.6222 0.3778
0.5444 0.4556
0.6222 0.3778
0.6222 0.3778
1 0

0 1
0.5 0.5
0.5 0.5
1 0

0 1
0.35 0.65
0.35 0.65
1 0

0 1
0.35 0.65
0.35 0.65
1 0

0 1
0.0875 0.9125
0.0875 0.9125
0.175 0.825
0.0875 0.9125
0.175 0.825
0.175 0.825
0.2625 0.7375
0.0875 0.9125
0.175 0.825
0.175 0.825
0.2625 0.7375
0.175 0.825
0.2625 0.7375
0.2625 0.7375
0.35 0.65
0.0875 0.9125
0.175 0.825
0.175 0.825
0.2625 0.7375
0.175 0.825
0.2625 0.7375
0.2625 0.7375
0.35 0.65
0.175 0.825
0.2625 0.7375
0.2625 0.7375
0.35 0.65
0.2625 0.7375
0.35 0.65
0.35 0.65
0.4375 0.5625
0.0875 0.9125
0.175 0.825
0.175 0.825
0.2625 0.7375
0.175 0.825
0.2625 0.7375
0.2625 0.7375
0.35 0.65
0.175 0.825
0.2625 0.7375
0.2625 0.7375
0.35 0.65
0.2625 0.7375
0.35 0.65
0.35 0.65
0.4375 0.5625
0.175 0.825
0.2625 0.7375
0.2625 0.7375
0.35 0.65
0.2625 0.7375
0.35 0.65
0.35 0.65
0.4375 0.5625
0.2625 0.7375
0.35 0.65
0.35 0.65
0.4375 0.5625
0.35 0.65
0.4375 0.5625
0.4375 0.5625
0.525 0.475
0.0875 0.9125
0.175 0.825
0.175 0.825
0.2625 0.7375
0.175 0.825
0.2625 0.7375
0.2625 0.7375
0.35 0.65
0.175 0.825
0.2625 0.7375
0.2625 0.7375
0.35 0.65
0.2625 0.7375
0.35 0.65
0.35 0.65
0.4375 0.5625
0.175 0.825
0.2625 0.7375
0.2625 0.7375
0.35 0.65
0.2625 0.7375
0.35 0.65
0.35 0.65
0.4375 0.5625
0.2625 0.7375
0.35 0.65
0.35 0.65
0.4375 0.5625
0.35 0.65
0.4375 0.5625
0.4375 0.5625
0.525 0.475
0.175 0.825
0.2625 0.7375
0.2625 0.7375
0.35 0.65
0.2625 0.7375
0.35 0.65
0.35 0.65
0.4375 0.5625
0.2625 0.7375
0.35 0.65
0.35 0.65
0.4375 0.5625
0.35 0.65
0.4375 0.5625
0.4375 0.5625
0.525 0.475
0.2625 0.7375
0.35 0.65
0.35 0.65
0.4375 0.5625
0.35 0.65
0.4375 0.5625
0.4375 0.5625
0.525 0.475
0.35 0.65
0.4375 0.5625
0.4375 0.5625
0.525 0.475
0.4375 0.5625
0.525 0.475
0.525 0.475
0.6125 0.3875
0.0875 0.9125
0.175 0.825
0.175 0.825
0.2625 0.7375
0.175 0.825
0.2625 0.7375
0.2625 0.7375
0.35 0.65
0.175 0.825
0.2625 0.7375
0.2625 0.7375
0.35 0.65
0.2625 0.7375
0.35 0.65
0.35 0.65
0.4375 0.5625
0.175 0.825
0.2625 0.7375
0.2625 0.7375
0.35 0.65
0.2625 0.7375
0.35 0.65
0.35 0.65
0.4375 0.5625
0.2625 0.7375
0.35 0.65
0.35 0.65
0.4375 0.5625
0.35 0.65
0.4375 0.5625
0.4375 0.5625
0.525 0.475
0.175 0.825
0.2625 0.7375
0.2625 0.7375
0.35 0.65
0.2625 0.7375
0.35 0.65
0.35 0.65
0.4375 0.5625
0.2625 0.7375
0.35 0.65
0.35 0.65
0.4375 0.5625
0.35 0.65
0.4375 0.5625
0.4375 0.5625
0.525 0.475
0.2625 0.7375
0.35 0.65
0.35 0.65
0.4375 0.5625
0.35 0.65
0.4375 0.5625
0.4375 0.5625
0.525 0.475
0.35 0.65
0.4375 0.5625
0.4375 0.5625
0.525 0.475
0.4375 0.5625
0.525 0.475
0.525 0.475
0.6125 0.3875
0.175 0.825
0.2625 0.7375
0.2625 0.7375
0.35 0.65
0.2625 0.7375
0.35 0.65
0.35 0.65
0.4375 0.5625
0.2625 0.7375
0.35 0.65
0.35 0.65
0.4375 0.5625
0.35 0.65
0.4375 0.5625
0.4375 0.5625
0.525 0.475
0.2625 0.7375
0.35 0.65
0.35 0.65
0.4375 0.5625
0.35 0.65
0.4375 0.5625
0.4375 0.5625
0.525 0.475
0.35 0.65
0.4375 0.5625
0.4375 0.5625
0.525 0.475
0.4375 0.5625
0.525 0.475
0.525 0.475
0.6125 0.3875
0.2625 0.7375
0.35 0.65
0.35 0.65
0.4375 0.5625
0.35 0.65
0.4375 0.5625
0.4375 0.5625
0.525 0.475
0.35 0.65
0.4375 0.5625
0.4375 0.5625
0.525 0.475
0.4375 0.5625
0.525 0.475
0.525 0.475
0.6125 0.3875
0.35 0.65
0.4375 0.5625
0.4375 0.5625
0.525 0.475
0.4375 0.5625
0.525 0.475
0.525 0.475
0.6125 0.3875
0.4375 0.5625
0.525 0.475
0.525 0.475
0.6125 0.3875
0.525 0.475
0.6125 0.3875
0.6125 0.3875
1 0

0 1
1 0

0 1
1 0

0 1
1 0

0 1
1 0

0 1
1 0

0 1
0.2 0.8
0.2 0.8
0.4 0.6
0.2 0.8
0.4 0.6
0.4 0.6
0.6 0.4
0.2 0.8
0.4 0.6
0.4 0.6
0.6 0.4
0.4 0.6
0.6 0.4
0.6 0.4
0.8 0.2
0.2 0.8
0.4 0.6
0.4 0.6
0.6 0.4
0.4 0.6
0.6 0.4
0.6 0.4
0.8 0.2
0.4 0.6
0.6 0.4
0.6 0.4
0.8 0.2
0.6 0.4
0.8 0.2
0.8 0.2
1 0

0 1
0.2 0.8
0.2 0.8
0.4 0.6
0.2 0.8
0.4 0.6
0.4 0.6
0.6 0.4
0.2 0.8
0.4 0.6
0.4 0.6
0.6 0.4
0.4 0.6
0.6 0.4
0.6 0.4
0.8 0.2
0.2 0.8
0.4 0.6
0.4 0.6
0.6 0.4
0.4 0.6
0.6 0.4
0.6 0.4
0.8 0.2
0.4 0.6
0.6 0.4
0.6 0.4
0.8 0.2
0.6 0.4
0.8 0.2
0.8 0.2
1 0

