28 45

start Login_to_the_Stock_Management_System Admin_login_ID_and_Password Send_ID_and_Password Receive_ID_and_Password Check_ID_and_Password Check_ID_and_Password_in_Database Valid_ID_and_Dassword Send_user_level_and_permission Invalid_ID_or_Password return_Invalid_Info Send_login_Result Receive_login_Result Set_user_level_and_permissions Access_Internal_Functionalities Manage_Stock Manage_Product Manage_Quality Manage_Bill Manage_Custmor Send_Operation receive_Operation Call_Database Operation_Action Send_Result receive_Result Logout_from_the_System stop path1 path2 path3 path4 path5 path6 path7 path8 path9 path10 intermediate_node1_2 intermediate_node2_2 intermediate_node3_7 intermediate_node4_4 intermediate_node5_8 main_path Availability

0 0 0 0 0 0 0 0 0 0 0 0 0 0 0 0 0 0 0 0 0 0 0 0 0 0 0 0 0 0 0 0 0 0 0 0 0 0 0 0 1 0 0 0 0
0 0 0 0 0 0 0 0 0 0 0 0 0 0 0 0 0 0 0 0 0 0 0 0 0 0 0 0 0 0 0 0 0 0 0 0 0 0 0 0 1 0 0 0 0
0 0 0 0 0 0 0 0 0 0 0 0 0 0 0 0 0 0 0 0 0 0 0 0 0 0 0 0 0 0 0 0 0 0 0 0 0 0 0 0 1 0 0 0 0
0 0 0 0 0 0 0 0 0 0 0 0 0 0 0 0 0 0 0 0 0 0 0 0 0 0 0 0 0 0 0 0 0 0 0 0 0 0 0 0 1 0 0 0 0
0 0 0 0 0 0 0 0 0 0 0 0 0 0 0 0 0 0 0 0 0 0 0 0 0 0 0 0 0 0 0 0 0 0 0 0 0 0 0 0 1 0 0 0 0
0 0 0 0 0 0 0 0 0 0 0 0 0 0 0 0 0 0 0 0 0 0 0 0 0 0 0 0 0 0 0 0 0 0 0 0 0 0 0 0 1 0 0 0 0
0 0 0 0 0 0 0 0 0 0 0 0 0 0 0 0 0 0 0 0 0 0 0 0 0 0 0 0 0 0 0 0 0 0 0 0 0 0 0 0 1 0 0 0 0
0 0 0 0 0 0 0 0 0 0 0 0 0 0 0 0 0 0 0 0 0 0 0 0 0 0 0 0 0 0 0 0 0 0 0 0 0 0 1 0 0 0 0 0 0
0 0 0 0 0 0 0 0 0 0 0 0 0 0 0 0 0 0 0 0 0 0 0 0 0 0 0 0 0 0 0 0 0 0 0 0 0 0 1 0 0 0 0 0 0
0 0 0 0 0 0 0 0 0 0 0 0 0 0 0 0 0 0 0 0 0 0 0 0 0 0 0 0 0 0 0 0 0 0 0 0 0 0 0 1 0 0 0 0 0
0 0 0 0 0 0 0 0 0 0 0 0 0 0 0 0 0 0 0 0 0 0 0 0 0 0 0 0 0 0 0 0 0 0 0 0 0 0 0 1 0 0 0 0 0
0 0 0 0 0 0 0 0 0 0 0 0 0 0 0 0 0 0 0 0 0 0 0 0 0 0 0 0 0 0 0 0 0 0 0 0 0 0 0 0 0 1 0 0 0
0 0 0 0 0 0 0 0 0 0 0 0 0 0 0 0 0 0 0 0 0 0 0 0 0 0 0 0 0 0 0 0 0 0 0 0 0 0 0 0 0 1 0 0 0
0 0 0 0 0 0 0 0 0 0 0 0 0 0 0 0 0 0 0 0 0 0 0 0 0 0 0 0 0 0 0 0 0 0 0 0 0 0 0 0 0 1 0 0 0
0 0 0 0 0 0 0 0 0 0 0 0 0 0 0 0 0 0 0 0 0 0 0 0 0 0 0 0 0 0 0 0 0 0 0 0 0 0 0 0 0 1 0 0 0
0 0 0 0 0 0 0 0 0 0 0 0 0 0 0 0 0 0 0 0 0 0 0 0 0 0 0 0 0 0 1 0 0 0 0 1 0 0 0 0 0 0 0 0 0
0 0 0 0 0 0 0 0 0 0 0 0 0 0 0 0 0 0 0 0 0 0 0 0 0 0 0 0 0 0 0 1 0 0 0 0 1 0 0 0 0 0 0 0 0
0 0 0 0 0 0 0 0 0 0 0 0 0 0 0 0 0 0 0 0 0 0 0 0 0 0 0 0 0 0 0 0 1 0 0 0 0 1 0 0 0 0 0 0 0
0 0 0 0 0 0 0 0 0 0 0 0 0 0 0 0 0 0 0 0 0 0 0 0 0 0 0 0 1 0 0 0 0 1 0 0 0 0 0 0 0 0 0 0 0
0 0 0 0 0 0 0 0 0 0 0 0 0 0 0 0 0 0 0 0 0 0 0 0 0 0 0 0 0 1 0 0 0 0 1 0 0 0 0 0 0 0 0 0 0
0 0 0 0 0 0 0 0 0 0 0 0 0 0 0 0 0 0 0 0 0 0 0 0 0 0 0 0 0 0 0 0 0 0 0 0 0 0 0 0 0 0 1 0 0
0 0 0 0 0 0 0 0 0 0 0 0 0 0 0 0 0 0 0 0 0 0 0 0 0 0 0 0 0 0 0 0 0 0 0 0 0 0 0 0 0 0 1 0 0
0 0 0 0 0 0 0 0 0 0 0 0 0 0 0 0 0 0 0 0 0 0 0 0 0 0 0 0 0 0 0 0 0 0 0 0 0 0 0 0 0 0 1 0 0
0 0 0 0 0 0 0 0 0 0 0 0 0 0 0 0 0 0 0 0 0 0 0 0 0 0 0 0 0 0 0 0 0 0 0 0 0 0 0 0 0 0 1 0 0
0 0 0 0 0 0 0 0 0 0 0 0 0 0 0 0 0 0 0 0 0 0 0 0 0 0 0 0 0 0 0 0 0 0 0 0 0 0 0 0 0 0 1 0 0
0 0 0 0 0 0 0 0 0 0 0 0 0 0 0 0 0 0 0 0 0 0 0 0 0 0 0 0 0 0 0 0 0 0 0 0 0 0 0 0 0 0 1 0 0
0 0 0 0 0 0 0 0 0 0 0 0 0 0 0 0 0 0 0 0 0 0 0 0 0 0 0 0 0 0 0 0 0 0 0 0 0 0 0 0 0 0 1 0 0
0 0 0 0 0 0 0 0 0 0 0 0 0 0 0 0 0 0 0 0 0 0 0 0 0 0 0 0 0 0 0 0 0 0 0 0 0 0 0 0 0 0 1 0 0
0 0 0 0 0 0 0 0 0 0 0 0 0 0 0 0 0 0 0 0 0 0 0 0 0 0 0 0 0 0 0 0 0 0 0 0 0 0 0 0 0 0 0 1 0
0 0 0 0 0 0 0 0 0 0 0 0 0 0 0 0 0 0 0 0 0 0 0 0 0 0 0 0 0 0 0 0 0 0 0 0 0 0 0 0 0 0 0 1 0
0 0 0 0 0 0 0 0 0 0 0 0 0 0 0 0 0 0 0 0 0 0 0 0 0 0 0 0 0 0 0 0 0 0 0 0 0 0 0 0 0 0 0 1 0
0 0 0 0 0 0 0 0 0 0 0 0 0 0 0 0 0 0 0 0 0 0 0 0 0 0 0 0 0 0 0 0 0 0 0 0 0 0 0 0 0 0 0 1 0
0 0 0 0 0 0 0 0 0 0 0 0 0 0 0 0 0 0 0 0 0 0 0 0 0 0 0 0 0 0 0 0 0 0 0 0 0 0 0 0 0 0 0 1 0
0 0 0 0 0 0 0 0 0 0 0 0 0 0 0 0 0 0 0 0 0 0 0 0 0 0 0 0 0 0 0 0 0 0 0 0 0 0 0 0 0 0 0 1 0
0 0 0 0 0 0 0 0 0 0 0 0 0 0 0 0 0 0 0 0 0 0 0 0 0 0 0 0 0 0 0 0 0 0 0 0 0 0 0 0 0 0 0 1 0
0 0 0 0 0 0 0 0 0 0 0 0 0 0 0 0 0 0 0 0 0 0 0 0 0 0 0 0 0 0 0 0 0 0 0 0 0 0 0 0 0 0 0 1 0
0 0 0 0 0 0 0 0 0 0 0 0 0 0 0 0 0 0 0 0 0 0 0 0 0 0 0 0 0 0 0 0 0 0 0 0 0 0 0 0 0 0 0 1 0
0 0 0 0 0 0 0 0 0 0 0 0 0 0 0 0 0 0 0 0 0 0 0 0 0 0 0 0 0 0 0 0 0 0 0 0 0 0 0 0 0 0 0 1 0
0 0 0 0 0 0 0 0 0 0 0 0 0 0 0 0 0 0 0 0 0 0 0 0 0 0 0 0 1 1 1 1 1 0 0 0 0 0 0 0 0 0 0 0 0
0 0 0 0 0 0 0 0 0 0 0 0 0 0 0 0 0 0 0 0 0 0 0 0 0 0 0 0 0 0 0 0 0 1 1 1 1 1 0 0 0 0 0 0 0
0 0 0 0 0 0 0 0 0 0 0 0 0 0 0 0 0 0 0 0 0 0 0 0 0 0 0 0 1 1 1 1 1 1 1 1 1 1 0 0 0 0 0 0 0
0 0 0 0 0 0 0 0 0 0 0 0 0 0 0 0 0 0 0 0 0 0 0 0 0 0 0 0 1 1 1 1 1 1 1 1 1 1 0 0 0 0 0 0 0
0 0 0 0 0 0 0 0 0 0 0 0 0 0 0 0 0 0 0 0 0 0 0 0 0 0 0 0 1 1 1 1 1 1 1 1 1 1 0 0 0 0 0 0 0
0 0 0 0 0 0 0 0 0 0 0 0 0 0 0 0 0 0 0 0 0 0 0 0 0 0 0 0 0 0 0 0 0 0 0 0 0 0 0 0 0 0 0 0 1
0 0 0 0 0 0 0 0 0 0 0 0 0 0 0 0 0 0 0 0 0 0 0 0 0 0 0 0 0 0 0 0 0 0 0 0 0 0 0 0 0 0 0 0 0

0.9 0.1

0.8473 0.1527

0.8473 0.1527

0.8473 0.1527

0.9 0.1

0.9 0.1

0.9 0.1

0.9 0.1

0.9 0.1

0.9 0.1

0.9 0.1

0.9 0.1

0.8473 0.1527

0.8473 0.1527

0.8473 0.1527

0.88209 0.11791

0.88209 0.11791

0.88209 0.11791

0.88209 0.11791

0.88209 0.11791

0.8473 0.1527

0.9 0.1

0.9 0.1

0.9 0.1

0.9 0.1

0.8473 0.1527

0.9 0.1

0.9 0.1

0 1
0.2545 0.7455
0.1273 0.8727
0.3818 0.6182
0.2227 0.7773
0.4773 0.5227
0.35 0.65
0.6045 0.3955
0.0636 0.9364
0.3182 0.6818
0.1909 0.8091
0.4455 0.5545
0.2864 0.7136
0.5409 0.4591
0.4136 0.5864
0.6682 0.3318
0.0318 0.9682
0.2864 0.7136
0.1591 0.8409
0.4136 0.5864
0.2545 0.7455
0.5091 0.4909
0.3818 0.6182
0.6364 0.3636
0.0955 0.9045
0.35 0.65
0.2227 0.7773
0.4773 0.5227
0.3182 0.6818
0.5727 0.4273
0.4455 0.5545
1 0

0 1
0.2545 0.7455
0.1273 0.8727
0.3818 0.6182
0.2227 0.7773
0.4773 0.5227
0.35 0.65
0.6045 0.3955
0.0636 0.9364
0.3182 0.6818
0.1909 0.8091
0.4455 0.5545
0.2864 0.7136
0.5409 0.4591
0.4136 0.5864
0.6682 0.3318
0.0318 0.9682
0.2864 0.7136
0.1591 0.8409
0.4136 0.5864
0.2545 0.7455
0.5091 0.4909
0.3818 0.6182
0.6364 0.3636
0.0955 0.9045
0.35 0.65
0.2227 0.7773
0.4773 0.5227
0.3182 0.6818
0.5727 0.4273
0.4455 0.5545
1 0

0 1
0.2545 0.7455
0.1273 0.8727
0.3818 0.6182
0.2227 0.7773
0.4773 0.5227
0.35 0.65
0.6045 0.3955
0.0636 0.9364
0.3182 0.6818
0.1909 0.8091
0.4455 0.5545
0.2864 0.7136
0.5409 0.4591
0.4136 0.5864
0.6682 0.3318
0.0318 0.9682
0.2864 0.7136
0.1591 0.8409
0.4136 0.5864
0.2545 0.7455
0.5091 0.4909
0.3818 0.6182
0.6364 0.3636
0.0955 0.9045
0.35 0.65
0.2227 0.7773
0.4773 0.5227
0.3182 0.6818
0.5727 0.4273
0.4455 0.5545
1 0

0 1
0.2545 0.7455
0.1273 0.8727
0.3818 0.6182
0.2227 0.7773
0.4773 0.5227
0.35 0.65
0.6045 0.3955
0.0636 0.9364
0.3182 0.6818
0.1909 0.8091
0.4455 0.5545
0.2864 0.7136
0.5409 0.4591
0.4136 0.5864
0.6682 0.3318
0.0318 0.9682
0.2864 0.7136
0.1591 0.8409
0.4136 0.5864
0.2545 0.7455
0.5091 0.4909
0.3818 0.6182
0.6364 0.3636
0.0955 0.9045
0.35 0.65
0.2227 0.7773
0.4773 0.5227
0.3182 0.6818
0.5727 0.4273
0.4455 0.5545
1 0

0 1
0.2545 0.7455
0.1273 0.8727
0.3818 0.6182
0.2227 0.7773
0.4773 0.5227
0.35 0.65
0.6045 0.3955
0.0636 0.9364
0.3182 0.6818
0.1909 0.8091
0.4455 0.5545
0.2864 0.7136
0.5409 0.4591
0.4136 0.5864
0.6682 0.3318
0.0318 0.9682
0.2864 0.7136
0.1591 0.8409
0.4136 0.5864
0.2545 0.7455
0.5091 0.4909
0.3818 0.6182
0.6364 0.3636
0.0955 0.9045
0.35 0.65
0.2227 0.7773
0.4773 0.5227
0.3182 0.6818
0.5727 0.4273
0.4455 0.5545
1 0

0 1
0.2545 0.7455
0.1273 0.8727
0.3818 0.6182
0.2227 0.7773
0.4773 0.5227
0.35 0.65
0.6045 0.3955
0.0636 0.9364
0.3182 0.6818
0.1909 0.8091
0.4455 0.5545
0.2864 0.7136
0.5409 0.4591
0.4136 0.5864
0.6682 0.3318
0.0318 0.9682
0.2864 0.7136
0.1591 0.8409
0.4136 0.5864
0.2545 0.7455
0.5091 0.4909
0.3818 0.6182
0.6364 0.3636
0.0955 0.9045
0.35 0.65
0.2227 0.7773
0.4773 0.5227
0.3182 0.6818
0.5727 0.4273
0.4455 0.5545
1 0

0 1
0.2545 0.7455
0.1273 0.8727
0.3818 0.6182
0.2227 0.7773
0.4773 0.5227
0.35 0.65
0.6045 0.3955
0.0636 0.9364
0.3182 0.6818
0.1909 0.8091
0.4455 0.5545
0.2864 0.7136
0.5409 0.4591
0.4136 0.5864
0.6682 0.3318
0.0318 0.9682
0.2864 0.7136
0.1591 0.8409
0.4136 0.5864
0.2545 0.7455
0.5091 0.4909
0.3818 0.6182
0.6364 0.3636
0.0955 0.9045
0.35 0.65
0.2227 0.7773
0.4773 0.5227
0.3182 0.6818
0.5727 0.4273
0.4455 0.5545
1 0

0 1
0.2545 0.7455
0.1273 0.8727
0.3818 0.6182
0.2227 0.7773
0.4773 0.5227
0.35 0.65
0.6045 0.3955
0.0636 0.9364
0.3182 0.6818
0.1909 0.8091
0.4455 0.5545
0.2864 0.7136
0.5409 0.4591
0.4136 0.5864
0.6682 0.3318
0.0318 0.9682
0.2864 0.7136
0.1591 0.8409
0.4136 0.5864
0.2545 0.7455
0.5091 0.4909
0.3818 0.6182
0.6364 0.3636
0.0955 0.9045
0.35 0.65
0.2227 0.7773
0.4773 0.5227
0.3182 0.6818
0.5727 0.4273
0.4455 0.5545
1 0

0 1
0.2545 0.7455
0.1273 0.8727
0.3818 0.6182
0.2227 0.7773
0.4773 0.5227
0.35 0.65
0.6045 0.3955
0.0636 0.9364
0.3182 0.6818
0.1909 0.8091
0.4455 0.5545
0.2864 0.7136
0.5409 0.4591
0.4136 0.5864
0.6682 0.3318
0.0318 0.9682
0.2864 0.7136
0.1591 0.8409
0.4136 0.5864
0.2545 0.7455
0.5091 0.4909
0.3818 0.6182
0.6364 0.3636
0.0955 0.9045
0.35 0.65
0.2227 0.7773
0.4773 0.5227
0.3182 0.6818
0.5727 0.4273
0.4455 0.5545
1 0

0 1
0.2545 0.7455
0.1273 0.8727
0.3818 0.6182
0.2227 0.7773
0.4773 0.5227
0.35 0.65
0.6045 0.3955
0.0636 0.9364
0.3182 0.6818
0.1909 0.8091
0.4455 0.5545
0.2864 0.7136
0.5409 0.4591
0.4136 0.5864
0.6682 0.3318
0.0318 0.9682
0.2864 0.7136
0.1591 0.8409
0.4136 0.5864
0.2545 0.7455
0.5091 0.4909
0.3818 0.6182
0.6364 0.3636
0.0955 0.9045
0.35 0.65
0.2227 0.7773
0.4773 0.5227
0.3182 0.6818
0.5727 0.4273
0.4455 0.5545
1 0

0 1
0.35 0.65
0.35 0.65
1 0

0 1
0.35 0.65
0.35 0.65
1 0

0 1
0.1 0.9
0.1 0.9
0.2 0.8
0.1 0.9
0.2 0.8
0.2 0.8
0.3 0.7
0.1 0.9
0.2 0.8
0.2 0.8
0.3 0.7
0.2 0.8
0.3 0.7
0.3 0.7
0.4 0.6
0.1 0.9
0.2 0.8
0.2 0.8
0.3 0.7
0.2 0.8
0.3 0.7
0.3 0.7
0.4 0.6
0.2 0.8
0.3 0.7
0.3 0.7
0.4 0.6
0.3 0.7
0.4 0.6
0.4 0.6
0.5 0.5
0.1 0.9
0.2 0.8
0.2 0.8
0.3 0.7
0.2 0.8
0.3 0.7
0.3 0.7
0.4 0.6
0.2 0.8
0.3 0.7
0.3 0.7
0.4 0.6
0.3 0.7
0.4 0.6
0.4 0.6
0.5 0.5
0.2 0.8
0.3 0.7
0.3 0.7
0.4 0.6
0.3 0.7
0.4 0.6
0.4 0.6
0.5 0.5
0.3 0.7
0.4 0.6
0.4 0.6
0.5 0.5
0.4 0.6
0.5 0.5
0.5 0.5
0.6 0.4
0.1 0.9
0.2 0.8
0.2 0.8
0.3 0.7
0.2 0.8
0.3 0.7
0.3 0.7
0.4 0.6
0.2 0.8
0.3 0.7
0.3 0.7
0.4 0.6
0.3 0.7
0.4 0.6
0.4 0.6
0.5 0.5
0.2 0.8
0.3 0.7
0.3 0.7
0.4 0.6
0.3 0.7
0.4 0.6
0.4 0.6
0.5 0.5
0.3 0.7
0.4 0.6
0.4 0.6
0.5 0.5
0.4 0.6
0.5 0.5
0.5 0.5
0.6 0.4
0.2 0.8
0.3 0.7
0.3 0.7
0.4 0.6
0.3 0.7
0.4 0.6
0.4 0.6
0.5 0.5
0.3 0.7
0.4 0.6
0.4 0.6
0.5 0.5
0.4 0.6
0.5 0.5
0.5 0.5
0.6 0.4
0.3 0.7
0.4 0.6
0.4 0.6
0.5 0.5
0.4 0.6
0.5 0.5
0.5 0.5
0.6 0.4
0.4 0.6
0.5 0.5
0.5 0.5
0.6 0.4
0.5 0.5
0.6 0.4
0.6 0.4
1 0

0 1
0.175 0.825
0.175 0.825
0.35 0.65
0.175 0.825
0.35 0.65
0.35 0.65
0.525 0.475
0.175 0.825
0.35 0.65
0.35 0.65
0.525 0.475
0.35 0.65
0.525 0.475
0.525 0.475
1 0

0 1
0.0875 0.9125
0.0875 0.9125
0.175 0.825
0.0875 0.9125
0.175 0.825
0.175 0.825
0.2625 0.7375
0.0875 0.9125
0.175 0.825
0.175 0.825
0.2625 0.7375
0.175 0.825
0.2625 0.7375
0.2625 0.7375
0.35 0.65
0.0875 0.9125
0.175 0.825
0.175 0.825
0.2625 0.7375
0.175 0.825
0.2625 0.7375
0.2625 0.7375
0.35 0.65
0.175 0.825
0.2625 0.7375
0.2625 0.7375
0.35 0.65
0.2625 0.7375
0.35 0.65
0.35 0.65
0.4375 0.5625
0.0875 0.9125
0.175 0.825
0.175 0.825
0.2625 0.7375
0.175 0.825
0.2625 0.7375
0.2625 0.7375
0.35 0.65
0.175 0.825
0.2625 0.7375
0.2625 0.7375
0.35 0.65
0.2625 0.7375
0.35 0.65
0.35 0.65
0.4375 0.5625
0.175 0.825
0.2625 0.7375
0.2625 0.7375
0.35 0.65
0.2625 0.7375
0.35 0.65
0.35 0.65
0.4375 0.5625
0.2625 0.7375
0.35 0.65
0.35 0.65
0.4375 0.5625
0.35 0.65
0.4375 0.5625
0.4375 0.5625
0.525 0.475
0.0875 0.9125
0.175 0.825
0.175 0.825
0.2625 0.7375
0.175 0.825
0.2625 0.7375
0.2625 0.7375
0.35 0.65
0.175 0.825
0.2625 0.7375
0.2625 0.7375
0.35 0.65
0.2625 0.7375
0.35 0.65
0.35 0.65
0.4375 0.5625
0.175 0.825
0.2625 0.7375
0.2625 0.7375
0.35 0.65
0.2625 0.7375
0.35 0.65
0.35 0.65
0.4375 0.5625
0.2625 0.7375
0.35 0.65
0.35 0.65
0.4375 0.5625
0.35 0.65
0.4375 0.5625
0.4375 0.5625
0.525 0.475
0.175 0.825
0.2625 0.7375
0.2625 0.7375
0.35 0.65
0.2625 0.7375
0.35 0.65
0.35 0.65
0.4375 0.5625
0.2625 0.7375
0.35 0.65
0.35 0.65
0.4375 0.5625
0.35 0.65
0.4375 0.5625
0.4375 0.5625
0.525 0.475
0.2625 0.7375
0.35 0.65
0.35 0.65
0.4375 0.5625
0.35 0.65
0.4375 0.5625
0.4375 0.5625
0.525 0.475
0.35 0.65
0.4375 0.5625
0.4375 0.5625
0.525 0.475
0.4375 0.5625
0.525 0.475
0.525 0.475
0.6125 0.3875
0.0875 0.9125
0.175 0.825
0.175 0.825
0.2625 0.7375
0.175 0.825
0.2625 0.7375
0.2625 0.7375
0.35 0.65
0.175 0.825
0.2625 0.7375
0.2625 0.7375
0.35 0.65
0.2625 0.7375
0.35 0.65
0.35 0.65
0.4375 0.5625
0.175 0.825
0.2625 0.7375
0.2625 0.7375
0.35 0.65
0.2625 0.7375
0.35 0.65
0.35 0.65
0.4375 0.5625
0.2625 0.7375
0.35 0.65
0.35 0.65
0.4375 0.5625
0.35 0.65
0.4375 0.5625
0.4375 0.5625
0.525 0.475
0.175 0.825
0.2625 0.7375
0.2625 0.7375
0.35 0.65
0.2625 0.7375
0.35 0.65
0.35 0.65
0.4375 0.5625
0.2625 0.7375
0.35 0.65
0.35 0.65
0.4375 0.5625
0.35 0.65
0.4375 0.5625
0.4375 0.5625
0.525 0.475
0.2625 0.7375
0.35 0.65
0.35 0.65
0.4375 0.5625
0.35 0.65
0.4375 0.5625
0.4375 0.5625
0.525 0.475
0.35 0.65
0.4375 0.5625
0.4375 0.5625
0.525 0.475
0.4375 0.5625
0.525 0.475
0.525 0.475
0.6125 0.3875
0.175 0.825
0.2625 0.7375
0.2625 0.7375
0.35 0.65
0.2625 0.7375
0.35 0.65
0.35 0.65
0.4375 0.5625
0.2625 0.7375
0.35 0.65
0.35 0.65
0.4375 0.5625
0.35 0.65
0.4375 0.5625
0.4375 0.5625
0.525 0.475
0.2625 0.7375
0.35 0.65
0.35 0.65
0.4375 0.5625
0.35 0.65
0.4375 0.5625
0.4375 0.5625
0.525 0.475
0.35 0.65
0.4375 0.5625
0.4375 0.5625
0.525 0.475
0.4375 0.5625
0.525 0.475
0.525 0.475
0.6125 0.3875
0.2625 0.7375
0.35 0.65
0.35 0.65
0.4375 0.5625
0.35 0.65
0.4375 0.5625
0.4375 0.5625
0.525 0.475
0.35 0.65
0.4375 0.5625
0.4375 0.5625
0.525 0.475
0.4375 0.5625
0.525 0.475
0.525 0.475
0.6125 0.3875
0.35 0.65
0.4375 0.5625
0.4375 0.5625
0.525 0.475
0.4375 0.5625
0.525 0.475
0.525 0.475
0.6125 0.3875
0.4375 0.5625
0.525 0.475
0.525 0.475
0.6125 0.3875
0.525 0.475
0.6125 0.3875
0.6125 0.3875
1 0

0 1
0.1 0.9
0.1 0.9
0.2 0.8
0.1 0.9
0.2 0.8
0.2 0.8
0.3 0.7
0.1 0.9
0.2 0.8
0.2 0.8
0.3 0.7
0.2 0.8
0.3 0.7
0.3 0.7
0.4 0.6
0.1 0.9
0.2 0.8
0.2 0.8
0.3 0.7
0.2 0.8
0.3 0.7
0.3 0.7
0.4 0.6
0.2 0.8
0.3 0.7
0.3 0.7
0.4 0.6
0.3 0.7
0.4 0.6
0.4 0.6
0.5 0.5
0.1 0.9
0.2 0.8
0.2 0.8
0.3 0.7
0.2 0.8
0.3 0.7
0.3 0.7
0.4 0.6
0.2 0.8
0.3 0.7
0.3 0.7
0.4 0.6
0.3 0.7
0.4 0.6
0.4 0.6
0.5 0.5
0.2 0.8
0.3 0.7
0.3 0.7
0.4 0.6
0.3 0.7
0.4 0.6
0.4 0.6
0.5 0.5
0.3 0.7
0.4 0.6
0.4 0.6
0.5 0.5
0.4 0.6
0.5 0.5
0.5 0.5
0.6 0.4
0.1 0.9
0.2 0.8
0.2 0.8
0.3 0.7
0.2 0.8
0.3 0.7
0.3 0.7
0.4 0.6
0.2 0.8
0.3 0.7
0.3 0.7
0.4 0.6
0.3 0.7
0.4 0.6
0.4 0.6
0.5 0.5
0.2 0.8
0.3 0.7
0.3 0.7
0.4 0.6
0.3 0.7
0.4 0.6
0.4 0.6
0.5 0.5
0.3 0.7
0.4 0.6
0.4 0.6
0.5 0.5
0.4 0.6
0.5 0.5
0.5 0.5
0.6 0.4
0.2 0.8
0.3 0.7
0.3 0.7
0.4 0.6
0.3 0.7
0.4 0.6
0.4 0.6
0.5 0.5
0.3 0.7
0.4 0.6
0.4 0.6
0.5 0.5
0.4 0.6
0.5 0.5
0.5 0.5
0.6 0.4
0.3 0.7
0.4 0.6
0.4 0.6
0.5 0.5
0.4 0.6
0.5 0.5
0.5 0.5
0.6 0.4
0.4 0.6
0.5 0.5
0.5 0.5
0.6 0.4
0.5 0.5
0.6 0.4
0.6 0.4
0.7 0.3
0.1 0.9
0.2 0.8
0.2 0.8
0.3 0.7
0.2 0.8
0.3 0.7
0.3 0.7
0.4 0.6
0.2 0.8
0.3 0.7
0.3 0.7
0.4 0.6
0.3 0.7
0.4 0.6
0.4 0.6
0.5 0.5
0.2 0.8
0.3 0.7
0.3 0.7
0.4 0.6
0.3 0.7
0.4 0.6
0.4 0.6
0.5 0.5
0.3 0.7
0.4 0.6
0.4 0.6
0.5 0.5
0.4 0.6
0.5 0.5
0.5 0.5
0.6 0.4
0.2 0.8
0.3 0.7
0.3 0.7
0.4 0.6
0.3 0.7
0.4 0.6
0.4 0.6
0.5 0.5
0.3 0.7
0.4 0.6
0.4 0.6
0.5 0.5
0.4 0.6
0.5 0.5
0.5 0.5
0.6 0.4
0.3 0.7
0.4 0.6
0.4 0.6
0.5 0.5
0.4 0.6
0.5 0.5
0.5 0.5
0.6 0.4
0.4 0.6
0.5 0.5
0.5 0.5
0.6 0.4
0.5 0.5
0.6 0.4
0.6 0.4
0.7 0.3
0.2 0.8
0.3 0.7
0.3 0.7
0.4 0.6
0.3 0.7
0.4 0.6
0.4 0.6
0.5 0.5
0.3 0.7
0.4 0.6
0.4 0.6
0.5 0.5
0.4 0.6
0.5 0.5
0.5 0.5
0.6 0.4
0.3 0.7
0.4 0.6
0.4 0.6
0.5 0.5
0.4 0.6
0.5 0.5
0.5 0.5
0.6 0.4
0.4 0.6
0.5 0.5
0.5 0.5
0.6 0.4
0.5 0.5
0.6 0.4
0.6 0.4
0.7 0.3
0.3 0.7
0.4 0.6
0.4 0.6
0.5 0.5
0.4 0.6
0.5 0.5
0.5 0.5
0.6 0.4
0.4 0.6
0.5 0.5
0.5 0.5
0.6 0.4
0.5 0.5
0.6 0.4
0.6 0.4
0.7 0.3
0.4 0.6
0.5 0.5
0.5 0.5
0.6 0.4
0.5 0.5
0.6 0.4
0.6 0.4
0.7 0.3
0.5 0.5
0.6 0.4
0.6 0.4
0.7 0.3
0.6 0.4
0.7 0.3
0.7 0.3
0.8 0.2
0.1 0.9
0.2 0.8
0.2 0.8
0.3 0.7
0.2 0.8
0.3 0.7
0.3 0.7
0.4 0.6
0.2 0.8
0.3 0.7
0.3 0.7
0.4 0.6
0.3 0.7
0.4 0.6
0.4 0.6
0.5 0.5
0.2 0.8
0.3 0.7
0.3 0.7
0.4 0.6
0.3 0.7
0.4 0.6
0.4 0.6
0.5 0.5
0.3 0.7
0.4 0.6
0.4 0.6
0.5 0.5
0.4 0.6
0.5 0.5
0.5 0.5
0.6 0.4
0.2 0.8
0.3 0.7
0.3 0.7
0.4 0.6
0.3 0.7
0.4 0.6
0.4 0.6
0.5 0.5
0.3 0.7
0.4 0.6
0.4 0.6
0.5 0.5
0.4 0.6
0.5 0.5
0.5 0.5
0.6 0.4
0.3 0.7
0.4 0.6
0.4 0.6
0.5 0.5
0.4 0.6
0.5 0.5
0.5 0.5
0.6 0.4
0.4 0.6
0.5 0.5
0.5 0.5
0.6 0.4
0.5 0.5
0.6 0.4
0.6 0.4
0.7 0.3
0.2 0.8
0.3 0.7
0.3 0.7
0.4 0.6
0.3 0.7
0.4 0.6
0.4 0.6
0.5 0.5
0.3 0.7
0.4 0.6
0.4 0.6
0.5 0.5
0.4 0.6
0.5 0.5
0.5 0.5
0.6 0.4
0.3 0.7
0.4 0.6
0.4 0.6
0.5 0.5
0.4 0.6
0.5 0.5
0.5 0.5
0.6 0.4
0.4 0.6
0.5 0.5
0.5 0.5
0.6 0.4
0.5 0.5
0.6 0.4
0.6 0.4
0.7 0.3
0.3 0.7
0.4 0.6
0.4 0.6
0.5 0.5
0.4 0.6
0.5 0.5
0.5 0.5
0.6 0.4
0.4 0.6
0.5 0.5
0.5 0.5
0.6 0.4
0.5 0.5
0.6 0.4
0.6 0.4
0.7 0.3
0.4 0.6
0.5 0.5
0.5 0.5
0.6 0.4
0.5 0.5
0.6 0.4
0.6 0.4
0.7 0.3
0.5 0.5
0.6 0.4
0.6 0.4
0.7 0.3
0.6 0.4
0.7 0.3
0.7 0.3
0.8 0.2
0.2 0.8
0.3 0.7
0.3 0.7
0.4 0.6
0.3 0.7
0.4 0.6
0.4 0.6
0.5 0.5
0.3 0.7
0.4 0.6
0.4 0.6
0.5 0.5
0.4 0.6
0.5 0.5
0.5 0.5
0.6 0.4
0.3 0.7
0.4 0.6
0.4 0.6
0.5 0.5
0.4 0.6
0.5 0.5
0.5 0.5
0.6 0.4
0.4 0.6
0.5 0.5
0.5 0.5
0.6 0.4
0.5 0.5
0.6 0.4
0.6 0.4
0.7 0.3
0.3 0.7
0.4 0.6
0.4 0.6
0.5 0.5
0.4 0.6
0.5 0.5
0.5 0.5
0.6 0.4
0.4 0.6
0.5 0.5
0.5 0.5
0.6 0.4
0.5 0.5
0.6 0.4
0.6 0.4
0.7 0.3
0.4 0.6
0.5 0.5
0.5 0.5
0.6 0.4
0.5 0.5
0.6 0.4
0.6 0.4
0.7 0.3
0.5 0.5
0.6 0.4
0.6 0.4
0.7 0.3
0.6 0.4
0.7 0.3
0.7 0.3
0.8 0.2
0.3 0.7
0.4 0.6
0.4 0.6
0.5 0.5
0.4 0.6
0.5 0.5
0.5 0.5
0.6 0.4
0.4 0.6
0.5 0.5
0.5 0.5
0.6 0.4
0.5 0.5
0.6 0.4
0.6 0.4
0.7 0.3
0.4 0.6
0.5 0.5
0.5 0.5
0.6 0.4
0.5 0.5
0.6 0.4
0.6 0.4
0.7 0.3
0.5 0.5
0.6 0.4
0.6 0.4
0.7 0.3
0.6 0.4
0.7 0.3
0.7 0.3
0.8 0.2
0.4 0.6
0.5 0.5
0.5 0.5
0.6 0.4
0.5 0.5
0.6 0.4
0.6 0.4
0.7 0.3
0.5 0.5
0.6 0.4
0.6 0.4
0.7 0.3
0.6 0.4
0.7 0.3
0.7 0.3
0.8 0.2
0.5 0.5
0.6 0.4
0.6 0.4
0.7 0.3
0.6 0.4
0.7 0.3
0.7 0.3
0.8 0.2
0.6 0.4
0.7 0.3
0.7 0.3
0.8 0.2
0.7 0.3
0.8 0.2
0.8 0.2
0.9 0.1
0.1 0.9
0.2 0.8
0.2 0.8
0.3 0.7
0.2 0.8
0.3 0.7
0.3 0.7
0.4 0.6
0.2 0.8
0.3 0.7
0.3 0.7
0.4 0.6
0.3 0.7
0.4 0.6
0.4 0.6
0.5 0.5
0.2 0.8
0.3 0.7
0.3 0.7
0.4 0.6
0.3 0.7
0.4 0.6
0.4 0.6
0.5 0.5
0.3 0.7
0.4 0.6
0.4 0.6
0.5 0.5
0.4 0.6
0.5 0.5
0.5 0.5
0.6 0.4
0.2 0.8
0.3 0.7
0.3 0.7
0.4 0.6
0.3 0.7
0.4 0.6
0.4 0.6
0.5 0.5
0.3 0.7
0.4 0.6
0.4 0.6
0.5 0.5
0.4 0.6
0.5 0.5
0.5 0.5
0.6 0.4
0.3 0.7
0.4 0.6
0.4 0.6
0.5 0.5
0.4 0.6
0.5 0.5
0.5 0.5
0.6 0.4
0.4 0.6
0.5 0.5
0.5 0.5
0.6 0.4
0.5 0.5
0.6 0.4
0.6 0.4
0.7 0.3
0.2 0.8
0.3 0.7
0.3 0.7
0.4 0.6
0.3 0.7
0.4 0.6
0.4 0.6
0.5 0.5
0.3 0.7
0.4 0.6
0.4 0.6
0.5 0.5
0.4 0.6
0.5 0.5
0.5 0.5
0.6 0.4
0.3 0.7
0.4 0.6
0.4 0.6
0.5 0.5
0.4 0.6
0.5 0.5
0.5 0.5
0.6 0.4
0.4 0.6
0.5 0.5
0.5 0.5
0.6 0.4
0.5 0.5
0.6 0.4
0.6 0.4
0.7 0.3
0.3 0.7
0.4 0.6
0.4 0.6
0.5 0.5
0.4 0.6
0.5 0.5
0.5 0.5
0.6 0.4
0.4 0.6
0.5 0.5
0.5 0.5
0.6 0.4
0.5 0.5
0.6 0.4
0.6 0.4
0.7 0.3
0.4 0.6
0.5 0.5
0.5 0.5
0.6 0.4
0.5 0.5
0.6 0.4
0.6 0.4
0.7 0.3
0.5 0.5
0.6 0.4
0.6 0.4
0.7 0.3
0.6 0.4
0.7 0.3
0.7 0.3
0.8 0.2
0.2 0.8
0.3 0.7
0.3 0.7
0.4 0.6
0.3 0.7
0.4 0.6
0.4 0.6
0.5 0.5
0.3 0.7
0.4 0.6
0.4 0.6
0.5 0.5
0.4 0.6
0.5 0.5
0.5 0.5
0.6 0.4
0.3 0.7
0.4 0.6
0.4 0.6
0.5 0.5
0.4 0.6
0.5 0.5
0.5 0.5
0.6 0.4
0.4 0.6
0.5 0.5
0.5 0.5
0.6 0.4
0.5 0.5
0.6 0.4
0.6 0.4
0.7 0.3
0.3 0.7
0.4 0.6
0.4 0.6
0.5 0.5
0.4 0.6
0.5 0.5
0.5 0.5
0.6 0.4
0.4 0.6
0.5 0.5
0.5 0.5
0.6 0.4
0.5 0.5
0.6 0.4
0.6 0.4
0.7 0.3
0.4 0.6
0.5 0.5
0.5 0.5
0.6 0.4
0.5 0.5
0.6 0.4
0.6 0.4
0.7 0.3
0.5 0.5
0.6 0.4
0.6 0.4
0.7 0.3
0.6 0.4
0.7 0.3
0.7 0.3
0.8 0.2
0.3 0.7
0.4 0.6
0.4 0.6
0.5 0.5
0.4 0.6
0.5 0.5
0.5 0.5
0.6 0.4
0.4 0.6
0.5 0.5
0.5 0.5
0.6 0.4
0.5 0.5
0.6 0.4
0.6 0.4
0.7 0.3
0.4 0.6
0.5 0.5
0.5 0.5
0.6 0.4
0.5 0.5
0.6 0.4
0.6 0.4
0.7 0.3
0.5 0.5
0.6 0.4
0.6 0.4
0.7 0.3
0.6 0.4
0.7 0.3
0.7 0.3
0.8 0.2
0.4 0.6
0.5 0.5
0.5 0.5
0.6 0.4
0.5 0.5
0.6 0.4
0.6 0.4
0.7 0.3
0.5 0.5
0.6 0.4
0.6 0.4
0.7 0.3
0.6 0.4
0.7 0.3
0.7 0.3
0.8 0.2
0.5 0.5
0.6 0.4
0.6 0.4
0.7 0.3
0.6 0.4
0.7 0.3
0.7 0.3
0.8 0.2
0.6 0.4
0.7 0.3
0.7 0.3
0.8 0.2
0.7 0.3
0.8 0.2
0.8 0.2
0.9 0.1
0.2 0.8
0.3 0.7
0.3 0.7
0.4 0.6
0.3 0.7
0.4 0.6
0.4 0.6
0.5 0.5
0.3 0.7
0.4 0.6
0.4 0.6
0.5 0.5
0.4 0.6
0.5 0.5
0.5 0.5
0.6 0.4
0.3 0.7
0.4 0.6
0.4 0.6
0.5 0.5
0.4 0.6
0.5 0.5
0.5 0.5
0.6 0.4
0.4 0.6
0.5 0.5
0.5 0.5
0.6 0.4
0.5 0.5
0.6 0.4
0.6 0.4
0.7 0.3
0.3 0.7
0.4 0.6
0.4 0.6
0.5 0.5
0.4 0.6
0.5 0.5
0.5 0.5
0.6 0.4
0.4 0.6
0.5 0.5
0.5 0.5
0.6 0.4
0.5 0.5
0.6 0.4
0.6 0.4
0.7 0.3
0.4 0.6
0.5 0.5
0.5 0.5
0.6 0.4
0.5 0.5
0.6 0.4
0.6 0.4
0.7 0.3
0.5 0.5
0.6 0.4
0.6 0.4
0.7 0.3
0.6 0.4
0.7 0.3
0.7 0.3
0.8 0.2
0.3 0.7
0.4 0.6
0.4 0.6
0.5 0.5
0.4 0.6
0.5 0.5
0.5 0.5
0.6 0.4
0.4 0.6
0.5 0.5
0.5 0.5
0.6 0.4
0.5 0.5
0.6 0.4
0.6 0.4
0.7 0.3
0.4 0.6
0.5 0.5
0.5 0.5
0.6 0.4
0.5 0.5
0.6 0.4
0.6 0.4
0.7 0.3
0.5 0.5
0.6 0.4
0.6 0.4
0.7 0.3
0.6 0.4
0.7 0.3
0.7 0.3
0.8 0.2
0.4 0.6
0.5 0.5
0.5 0.5
0.6 0.4
0.5 0.5
0.6 0.4
0.6 0.4
0.7 0.3
0.5 0.5
0.6 0.4
0.6 0.4
0.7 0.3
0.6 0.4
0.7 0.3
0.7 0.3
0.8 0.2
0.5 0.5
0.6 0.4
0.6 0.4
0.7 0.3
0.6 0.4
0.7 0.3
0.7 0.3
0.8 0.2
0.6 0.4
0.7 0.3
0.7 0.3
0.8 0.2
0.7 0.3
0.8 0.2
0.8 0.2
0.9 0.1
0.3 0.7
0.4 0.6
0.4 0.6
0.5 0.5
0.4 0.6
0.5 0.5
0.5 0.5
0.6 0.4
0.4 0.6
0.5 0.5
0.5 0.5
0.6 0.4
0.5 0.5
0.6 0.4
0.6 0.4
0.7 0.3
0.4 0.6
0.5 0.5
0.5 0.5
0.6 0.4
0.5 0.5
0.6 0.4
0.6 0.4
0.7 0.3
0.5 0.5
0.6 0.4
0.6 0.4
0.7 0.3
0.6 0.4
0.7 0.3
0.7 0.3
0.8 0.2
0.4 0.6
0.5 0.5
0.5 0.5
0.6 0.4
0.5 0.5
0.6 0.4
0.6 0.4
0.7 0.3
0.5 0.5
0.6 0.4
0.6 0.4
0.7 0.3
0.6 0.4
0.7 0.3
0.7 0.3
0.8 0.2
0.5 0.5
0.6 0.4
0.6 0.4
0.7 0.3
0.6 0.4
0.7 0.3
0.7 0.3
0.8 0.2
0.6 0.4
0.7 0.3
0.7 0.3
0.8 0.2
0.7 0.3
0.8 0.2
0.8 0.2
0.9 0.1
0.4 0.6
0.5 0.5
0.5 0.5
0.6 0.4
0.5 0.5
0.6 0.4
0.6 0.4
0.7 0.3
0.5 0.5
0.6 0.4
0.6 0.4
0.7 0.3
0.6 0.4
0.7 0.3
0.7 0.3
0.8 0.2
0.5 0.5
0.6 0.4
0.6 0.4
0.7 0.3
0.6 0.4
0.7 0.3
0.7 0.3
0.8 0.2
0.6 0.4
0.7 0.3
0.7 0.3
0.8 0.2
0.7 0.3
0.8 0.2
0.8 0.2
0.9 0.1
0.5 0.5
0.6 0.4
0.6 0.4
0.7 0.3
0.6 0.4
0.7 0.3
0.7 0.3
0.8 0.2
0.6 0.4
0.7 0.3
0.7 0.3
0.8 0.2
0.7 0.3
0.8 0.2
0.8 0.2
0.9 0.1
0.6 0.4
0.7 0.3
0.7 0.3
0.8 0.2
0.7 0.3
0.8 0.2
0.8 0.2
0.9 0.1
0.7 0.3
0.8 0.2
0.8 0.2
0.9 0.1
0.8 0.2
0.9 0.1
0.9 0.1
1 0

0 1
1 0
