22 34

start sign_in add_info_into_database database_handle_sign_in receive_sign_in_result_from_database log_in look_items add_item_to_wishlist send_request_to_database database_handle_request receive_item_info_from_database failed_to_order choose_pay_method call_third-part_purchase_platform third-part_purchase_platform_handle_request receive_result successfully_paid add_new_order_info_into_database database_handle_new_order receive_order_result_from_database failed_to_pay stop path1 path2 path3 path4 path5 path6 intermediate_node1_4 intermediate_node2_4 intermediate_node3_4 intermediate_node5_6 main_path Availability

0 0 0 0 0 0 0 0 0 0 0 0 0 0 0 0 0 0 0 0 0 0 1 1 1 1 1 1 0 0 0 0 0 0
0 0 0 0 0 0 0 0 0 0 0 0 0 0 0 0 0 0 0 0 0 0 0 0 0 0 0 0 1 0 0 0 0 0
0 0 0 0 0 0 0 0 0 0 0 0 0 0 0 0 0 0 0 0 0 0 0 0 0 0 0 0 1 0 0 0 0 0
0 0 0 0 0 0 0 0 0 0 0 0 0 0 0 0 0 0 0 0 0 0 0 0 0 0 0 0 1 0 0 0 0 0
0 0 0 0 0 0 0 0 0 0 0 0 0 0 0 0 0 0 0 0 0 0 0 0 0 0 0 0 1 0 0 0 0 0
0 0 0 0 0 0 0 0 0 0 0 0 0 0 0 0 0 0 0 0 0 0 0 0 0 0 0 0 0 0 0 1 0 0
0 0 0 0 0 0 0 0 0 0 0 0 0 0 0 0 0 0 0 0 0 0 0 0 0 0 0 0 0 0 0 1 0 0
0 0 0 0 0 0 0 0 0 0 0 0 0 0 0 0 0 0 0 0 0 0 0 0 0 0 0 0 0 0 0 1 0 0
0 0 0 0 0 0 0 0 0 0 0 0 0 0 0 0 0 0 0 0 0 0 0 0 0 0 0 0 0 0 0 1 0 0
0 0 0 0 0 0 0 0 0 0 0 0 0 0 0 0 0 0 0 0 0 0 0 0 0 0 0 0 0 0 0 1 0 0
0 0 0 0 0 0 0 0 0 0 0 0 0 0 0 0 0 0 0 0 0 0 0 0 0 0 0 0 0 0 0 1 0 0
0 0 0 0 0 0 0 0 0 0 0 0 0 0 0 0 0 0 0 0 0 0 0 0 1 0 0 1 0 0 0 0 0 0
0 0 0 0 0 0 0 0 0 0 0 0 0 0 0 0 0 0 0 0 0 0 0 0 0 0 0 0 0 1 0 0 0 0
0 0 0 0 0 0 0 0 0 0 0 0 0 0 0 0 0 0 0 0 0 0 0 0 0 0 0 0 0 1 0 0 0 0
0 0 0 0 0 0 0 0 0 0 0 0 0 0 0 0 0 0 0 0 0 0 0 0 0 0 0 0 0 1 0 0 0 0
0 0 0 0 0 0 0 0 0 0 0 0 0 0 0 0 0 0 0 0 0 0 0 0 0 0 0 0 0 1 0 0 0 0
0 0 0 0 0 0 0 0 0 0 0 0 0 0 0 0 0 0 0 0 0 0 0 0 0 0 0 0 0 0 1 0 0 0
0 0 0 0 0 0 0 0 0 0 0 0 0 0 0 0 0 0 0 0 0 0 0 0 0 0 0 0 0 0 1 0 0 0
0 0 0 0 0 0 0 0 0 0 0 0 0 0 0 0 0 0 0 0 0 0 0 0 0 0 0 0 0 0 1 0 0 0
0 0 0 0 0 0 0 0 0 0 0 0 0 0 0 0 0 0 0 0 0 0 0 0 0 0 0 0 0 0 1 0 0 0
0 0 0 0 0 0 0 0 0 0 0 0 0 0 0 0 0 0 0 0 0 0 1 0 0 1 0 0 0 0 0 0 0 0
0 0 0 0 0 0 0 0 0 0 0 0 0 0 0 0 0 0 0 0 0 0 1 1 1 1 1 1 0 0 0 0 0 0
0 0 0 0 0 0 0 0 0 0 0 0 0 0 0 0 0 0 0 0 0 0 0 0 0 0 0 0 0 0 0 0 1 0
0 0 0 0 0 0 0 0 0 0 0 0 0 0 0 0 0 0 0 0 0 0 0 0 0 0 0 0 0 0 0 0 1 0
0 0 0 0 0 0 0 0 0 0 0 0 0 0 0 0 0 0 0 0 0 0 0 0 0 0 0 0 0 0 0 0 1 0
0 0 0 0 0 0 0 0 0 0 0 0 0 0 0 0 0 0 0 0 0 0 0 0 0 0 0 0 0 0 0 0 1 0
0 0 0 0 0 0 0 0 0 0 0 0 0 0 0 0 0 0 0 0 0 0 0 0 0 0 0 0 0 0 0 0 1 0
0 0 0 0 0 0 0 0 0 0 0 0 0 0 0 0 0 0 0 0 0 0 0 0 0 0 0 0 0 0 0 0 1 0
0 0 0 0 0 0 0 0 0 0 0 0 0 0 0 0 0 0 0 0 0 0 1 1 1 0 0 0 0 0 0 0 0 0
0 0 0 0 0 0 0 0 0 0 0 0 0 0 0 0 0 0 0 0 0 0 1 1 0 1 1 0 0 0 0 0 0 0
0 0 0 0 0 0 0 0 0 0 0 0 0 0 0 0 0 0 0 0 0 0 0 1 0 0 1 0 0 0 0 0 0 0
0 0 0 0 0 0 0 0 0 0 0 0 0 0 0 0 0 0 0 0 0 0 1 1 1 1 1 1 0 0 0 0 0 0
0 0 0 0 0 0 0 0 0 0 0 0 0 0 0 0 0 0 0 0 0 0 0 0 0 0 0 0 0 0 0 0 0 1
0 0 0 0 0 0 0 0 0 0 0 0 0 0 0 0 0 0 0 0 0 0 0 0 0 0 0 0 0 0 0 0 0 0

0.9 0.1

0.891 0.109

0.891 0.109

0.9 0.1

0.9 0.1

0.9 0.1

0.39049 0.60951

0.72171 0.27829

0.891 0.109

0.9 0.1

0.891 0.109

0.72171 0.27829

0.72171 0.27829

0.72171 0.27829

0.9 0.1

0.72171 0.27829

0.72171 0.27829

0.891 0.109

0.9 0.1

0.891 0.109

0.72171 0.27829

0.9 0.1

0 1
0.2471 0.7529
0.1647 0.8353
0.4118 0.5882
0.1647 0.8353
0.4118 0.5882
0.3294 0.6706
0.5765 0.4235
0.0412 0.9588
0.2882 0.7118
0.2059 0.7941
0.4529 0.5471
0.2059 0.7941
0.4529 0.5471
0.3706 0.6294
0.6176 0.3824
0.0412 0.9588
0.2882 0.7118
0.2059 0.7941
0.4529 0.5471
0.2059 0.7941
0.4529 0.5471
0.3706 0.6294
0.6176 0.3824
0.0824 0.9176
0.3294 0.6706
0.2471 0.7529
0.4941 0.5059
0.2471 0.7529
0.4941 0.5059
0.4118 0.5882
0.6588 0.3412
0.0412 0.9588
0.2882 0.7118
0.2059 0.7941
0.4529 0.5471
0.2059 0.7941
0.4529 0.5471
0.3706 0.6294
0.6176 0.3824
0.0824 0.9176
0.3294 0.6706
0.2471 0.7529
0.4941 0.5059
0.2471 0.7529
0.4941 0.5059
0.4118 0.5882
0.6588 0.3412
0.0824 0.9176
0.3294 0.6706
0.2471 0.7529
0.4941 0.5059
0.2471 0.7529
0.4941 0.5059
0.4118 0.5882
0.6588 0.3412
0.1235 0.8765
0.3706 0.6294
0.2882 0.7118
0.5353 0.4647
0.2882 0.7118
0.5353 0.4647
0.4529 0.5471
1 0

0 1
0.21 0.79
0.14 0.86
0.35 0.65
0.14 0.86
0.35 0.65
0.28 0.72
0.49 0.51
0.14 0.86
0.35 0.65
0.28 0.72
0.49 0.51
0.28 0.72
0.49 0.51
0.42 0.58
0.63 0.37
0.035 0.965
0.245 0.755
0.175 0.825
0.385 0.615
0.175 0.825
0.385 0.615
0.315 0.685
0.525 0.475
0.175 0.825
0.385 0.615
0.315 0.685
0.525 0.475
0.315 0.685
0.525 0.475
0.455 0.545
0.665 0.335
0.035 0.965
0.245 0.755
0.175 0.825
0.385 0.615
0.175 0.825
0.385 0.615
0.315 0.685
0.525 0.475
0.175 0.825
0.385 0.615
0.315 0.685
0.525 0.475
0.315 0.685
0.525 0.475
0.455 0.545
0.665 0.335
0.07 0.93
0.28 0.72
0.21 0.79
0.42 0.58
0.21 0.79
0.42 0.58
0.35 0.65
0.56 0.44
0.21 0.79
0.42 0.58
0.35 0.65
0.56 0.44
0.35 0.65
0.56 0.44
0.49 0.51
1 0

0 1
0.3231 0.6769
0.2154 0.7846
0.5385 0.4615
0.0538 0.9462
0.3769 0.6231
0.2692 0.7308
0.5923 0.4077
0.0538 0.9462
0.3769 0.6231
0.2692 0.7308
0.5923 0.4077
0.1077 0.8923
0.4308 0.5692
0.3231 0.6769
0.6462 0.3538
0.0538 0.9462
0.3769 0.6231
0.2692 0.7308
0.5923 0.4077
0.1077 0.8923
0.4308 0.5692
0.3231 0.6769
0.6462 0.3538
0.1077 0.8923
0.4308 0.5692
0.3231 0.6769
0.6462 0.3538
0.1615 0.8385
0.4846 0.5154
0.3769 0.6231
1 0

0 1
0.3231 0.6769
0.2154 0.7846
0.5385 0.4615
0.0538 0.9462
0.3769 0.6231
0.2692 0.7308
0.5923 0.4077
0.0538 0.9462
0.3769 0.6231
0.2692 0.7308
0.5923 0.4077
0.1077 0.8923
0.4308 0.5692
0.3231 0.6769
0.6462 0.3538
0.0538 0.9462
0.3769 0.6231
0.2692 0.7308
0.5923 0.4077
0.1077 0.8923
0.4308 0.5692
0.3231 0.6769
0.6462 0.3538
0.1077 0.8923
0.4308 0.5692
0.3231 0.6769
0.6462 0.3538
0.1615 0.8385
0.4846 0.5154
0.3769 0.6231
1 0

0 1
0.2625 0.7375
0.175 0.825
0.4375 0.5625
0.175 0.825
0.4375 0.5625
0.35 0.65
0.6125 0.3875
0.0437 0.9563
0.3062 0.6938
0.2188 0.7812
0.4812 0.5188
0.2188 0.7812
0.4812 0.5188
0.3937 0.6063
0.6562 0.3438
0.0437 0.9563
0.3062 0.6938
0.2188 0.7812
0.4812 0.5188
0.2188 0.7812
0.4812 0.5188
0.3937 0.6063
0.6562 0.3438
0.0875 0.9125
0.35 0.65
0.2625 0.7375
0.525 0.475
0.2625 0.7375
0.525 0.475
0.4375 0.5625
1 0

0 1
0.4667 0.5333
0.0778 0.9222
0.5444 0.4556
0.0778 0.9222
0.5444 0.4556
0.1556 0.8444
0.6222 0.3778
0.0778 0.9222
0.5444 0.4556
0.1556 0.8444
0.6222 0.3778
0.1556 0.8444
0.6222 0.3778
0.2333 0.7667
1 0

0 1
0.175 0.825
0.175 0.825
0.35 0.65
0.175 0.825
0.35 0.65
0.35 0.65
0.525 0.475
0.175 0.825
0.35 0.65
0.35 0.65
0.525 0.475
0.35 0.65
0.525 0.475
0.525 0.475
1 0

0 1
0.175 0.825
0.175 0.825
0.35 0.65
0.175 0.825
0.35 0.65
0.35 0.65
0.525 0.475
0.175 0.825
0.35 0.65
0.35 0.65
0.525 0.475
0.35 0.65
0.525 0.475
0.525 0.475
1 0

0 1
0.175 0.825
0.175 0.825
0.35 0.65
0.175 0.825
0.35 0.65
0.35 0.65
0.525 0.475
0.175 0.825
0.35 0.65
0.35 0.65
0.525 0.475
0.35 0.65
0.525 0.475
0.525 0.475
1 0

0 1
0.1167 0.8833
0.1167 0.8833
0.2333 0.7667
0.1167 0.8833
0.2333 0.7667
0.2333 0.7667
0.35 0.65
0.1167 0.8833
0.2333 0.7667
0.2333 0.7667
0.35 0.65
0.2333 0.7667
0.35 0.65
0.35 0.65
0.4667 0.5333
0.1167 0.8833
0.2333 0.7667
0.2333 0.7667
0.35 0.65
0.2333 0.7667
0.35 0.65
0.35 0.65
0.4667 0.5333
0.2333 0.7667
0.35 0.65
0.35 0.65
0.4667 0.5333
0.35 0.65
0.4667 0.5333
0.4667 0.5333
0.5833 0.4167
0.1167 0.8833
0.2333 0.7667
0.2333 0.7667
0.35 0.65
0.2333 0.7667
0.35 0.65
0.35 0.65
0.4667 0.5333
0.2333 0.7667
0.35 0.65
0.35 0.65
0.4667 0.5333
0.35 0.65
0.4667 0.5333
0.4667 0.5333
0.5833 0.4167
0.2333 0.7667
0.35 0.65
0.35 0.65
0.4667 0.5333
0.35 0.65
0.4667 0.5333
0.4667 0.5333
0.5833 0.4167
0.35 0.65
0.4667 0.5333
0.4667 0.5333
0.5833 0.4167
0.4667 0.5333
0.5833 0.4167
0.5833 0.4167
1 0

0 1
0.1667 0.8333
0.1667 0.8333
0.3333 0.6667
0.1667 0.8333
0.3333 0.6667
0.3333 0.6667
0.5 0.5
0.1667 0.8333
0.3333 0.6667
0.3333 0.6667
0.5 0.5
0.3333 0.6667
0.5 0.5
0.5 0.5
0.6667 0.3333
0.1667 0.8333
0.3333 0.6667
0.3333 0.6667
0.5 0.5
0.3333 0.6667
0.5 0.5
0.5 0.5
0.6667 0.3333
0.3333 0.6667
0.5 0.5
0.5 0.5
0.6667 0.3333
0.5 0.5
0.6667 0.3333
0.6667 0.3333
0.8333 0.1667
0.1667 0.8333
0.3333 0.6667
0.3333 0.6667
0.5 0.5
0.3333 0.6667
0.5 0.5
0.5 0.5
0.6667 0.3333
0.3333 0.6667
0.5 0.5
0.5 0.5
0.6667 0.3333
0.5 0.5
0.6667 0.3333
0.6667 0.3333
0.8333 0.1667
0.3333 0.6667
0.5 0.5
0.5 0.5
0.6667 0.3333
0.5 0.5
0.6667 0.3333
0.6667 0.3333
0.8333 0.1667
0.5 0.5
0.6667 0.3333
0.6667 0.3333
0.8333 0.1667
0.6667 0.3333
0.8333 0.1667
0.8333 0.1667
1 0

0 1
1 0

