10

attack1 User System DataBase Delete Sort Add Restoration Reliability Resilience

0 0 0 1 0 0 0 0 0 0 
0 0 0 0 0 0 0 1 1 0 
0 1 0 0 0 0 0 1 1 0 
0 0 0 0 1 1 1 1 1 0 
0 0 1 0 0 0 0 1 1 0 
0 0 1 0 0 0 0 1 1 0 
0 0 1 0 0 0 0 1 1 0 
0 0 0 0 0 0 0 0 0 1 
0 0 0 0 0 0 0 1 0 1 
0 0 0 0 0 0 0 0 0 0 

0.65 0.35

0 1
1 0

0.2 0.8
0.5333 0.4667
0.5333 0.4667
0.8667 0.1333
0.5333 0.4667
0.8667 0.1333
0.8667 0.1333
1 0

1 0
0.5 0.5

0.2 0.8
1 0

0.2 0.8
1 0

0.2 0.8
1 0

0 1
0.1429 0.8571
0.1429 0.8571
0.2857 0.7143
0.1429 0.8571
0.2857 0.7143
0.2857 0.7143
0.4286 0.5714
0.1429 0.8571
0.2857 0.7143
0.2857 0.7143
0.4286 0.5714
0.2857 0.7143
0.4286 0.5714
0.4286 0.5714
0.5714 0.4286
0.1429 0.8571
0.2857 0.7143
0.2857 0.7143
0.4286 0.5714
0.2857 0.7143
0.4286 0.5714
0.4286 0.5714
0.5714 0.4286
0.2857 0.7143
0.4286 0.5714
0.4286 0.5714
0.5714 0.4286
0.4286 0.5714
0.5714 0.4286
0.5714 0.4286
0.7143 0.2857
0.0429 0.9571
0.1857 0.8143
0.1857 0.8143
0.3286 0.6714
0.1857 0.8143
0.3286 0.6714
0.3286 0.6714
0.4714 0.5286
0.1857 0.8143
0.3286 0.6714
0.3286 0.6714
0.4714 0.5286
0.3286 0.6714
0.4714 0.5286
0.4714 0.5286
0.6143 0.3857
0.1857 0.8143
0.3286 0.6714
0.3286 0.6714
0.4714 0.5286
0.3286 0.6714
0.4714 0.5286
0.4714 0.5286
0.6143 0.3857
0.3286 0.6714
0.4714 0.5286
0.4714 0.5286
0.6143 0.3857
0.4714 0.5286
0.6143 0.3857
0.6143 0.3857
0.7571 0.2429
0.1429 0.8571
0.2857 0.7143
0.2857 0.7143
0.4286 0.5714
0.2857 0.7143
0.4286 0.5714
0.4286 0.5714
0.5714 0.4286
0.2857 0.7143
0.4286 0.5714
0.4286 0.5714
0.5714 0.4286
0.4286 0.5714
0.5714 0.4286
0.5714 0.4286
0.7143 0.2857
0.2857 0.7143
0.4286 0.5714
0.4286 0.5714
0.5714 0.4286
0.4286 0.5714
0.5714 0.4286
0.5714 0.4286
0.7143 0.2857
0.4286 0.5714
0.5714 0.4286
0.5714 0.4286
0.7143 0.2857
0.5714 0.4286
0.7143 0.2857
0.7143 0.2857
0.8571 0.1429
0.1857 0.8143
0.3286 0.6714
0.3286 0.6714
0.4714 0.5286
0.3286 0.6714
0.4714 0.5286
0.4714 0.5286
0.6143 0.3857
0.3286 0.6714
0.4714 0.5286
0.4714 0.5286
0.6143 0.3857
0.4714 0.5286
0.6143 0.3857
0.6143 0.3857
0.7571 0.2429
0.3286 0.6714
0.4714 0.5286
0.4714 0.5286
0.6143 0.3857
0.4714 0.5286
0.6143 0.3857
0.6143 0.3857
0.7571 0.2429
0.4714 0.5286
0.6143 0.3857
0.6143 0.3857
0.7571 0.2429
0.6143 0.3857
0.7571 0.2429
0.7571 0.2429
1 0

0 1
0.1667 0.8333
0.1667 0.8333
0.3333 0.6667
0.1667 0.8333
0.3333 0.6667
0.3333 0.6667
0.5 0.5
0.1667 0.8333
0.3333 0.6667
0.3333 0.6667
0.5 0.5
0.3333 0.6667
0.5 0.5
0.5 0.5
0.6667 0.3333
0.0667 0.9333
0.2333 0.7667
0.2333 0.7667
0.4 0.6
0.2333 0.7667
0.4 0.6
0.4 0.6
0.5667 0.4333
0.2333 0.7667
0.4 0.6
0.4 0.6
0.5667 0.4333
0.4 0.6
0.5667 0.4333
0.5667 0.4333
0.7333 0.2667
0.1667 0.8333
0.3333 0.6667
0.3333 0.6667
0.5 0.5
0.3333 0.6667
0.5 0.5
0.5 0.5
0.6667 0.3333
0.3333 0.6667
0.5 0.5
0.5 0.5
0.6667 0.3333
0.5 0.5
0.6667 0.3333
0.6667 0.3333
0.8333 0.1667
0.2333 0.7667
0.4 0.6
0.4 0.6
0.5667 0.4333
0.4 0.6
0.5667 0.4333
0.5667 0.4333
0.7333 0.2667
0.4 0.6
0.5667 0.4333
0.5667 0.4333
0.7333 0.2667
0.5667 0.4333
0.7333 0.2667
0.7333 0.2667
1 0

0 1
0.5 0.5
0.5 0.5
1 0



