10

attack1 User System DataBase Delete Sort Add Restoration Reliability Resilience

0 0 0 1 0 0 0 0 0 0 
0 0 0 0 0 0 0 1 1 0 
0 1 0 0 0 0 0 1 1 0 
0 0 0 0 1 1 1 1 1 0 
0 0 1 0 0 0 0 0 0 0 
0 0 1 0 0 0 0 0 0 0 
0 0 1 0 0 0 0 0 0 0 
0 0 0 0 0 0 0 0 0 1 
0 0 0 0 0 0 0 1 0 1 
0 0 0 0 0 0 0 0 0 0 

0.65 0.35

0 1
1 0

0 1
0 1
0 1
0 1
0 1
0 1
0 1
1 0

1 0
0.5 0.5

0.2 0.8
1 0

0.2 0.8
1 0

0.2 0.8
1 0

0 1
0.3333 0.6667
0.3333 0.6667
0.6667 0.3333
0.3333 0.6667
0.6667 0.3333
0.6667 0.3333
1 0

0 1
0.5 0.5
0.5 0.5
1 0

0 1
0.5 0.5
0.5 0.5
1 0

