9

attack1 User DataBase Delete Sort Add Restoration Reliability Resilience

0 0 1 0 0 0 0 0 0 
0 0 0 0 0 0 1 1 0 
0 0 0 1 1 1 1 1 0 
0 1 0 0 0 0 1 1 0 
0 1 0 0 0 0 1 1 0 
0 1 0 0 0 0 1 1 0 
0 0 0 0 0 0 0 0 1 
0 0 0 0 0 0 1 0 1 
0 0 0 0 0 0 0 0 0 

0.65 0.35

0.2 0.8
0.5333 0.4667
0.5333 0.4667
0.8667 0.1333
0.5333 0.4667
0.8667 0.1333
0.8667 0.1333
1 0

1 0
0.5 0.5

0.2 0.8
1 0

0.2 0.8
1 0

0.2 0.8
1 0

0 1
0.1667 0.8333
0.1667 0.8333
0.3333 0.6667
0.1667 0.8333
0.3333 0.6667
0.3333 0.6667
0.5 0.5
0.1667 0.8333
0.3333 0.6667
0.3333 0.6667
0.5 0.5
0.3333 0.6667
0.5 0.5
0.5 0.5
0.6667 0.3333
0.1667 0.8333
0.3333 0.6667
0.3333 0.6667
0.5 0.5
0.3333 0.6667
0.5 0.5
0.5 0.5
0.6667 0.3333
0.3333 0.6667
0.5 0.5
0.5 0.5
0.6667 0.3333
0.5 0.5
0.6667 0.3333
0.6667 0.3333
0.8333 0.1667
0.1667 0.8333
0.3333 0.6667
0.3333 0.6667
0.5 0.5
0.3333 0.6667
0.5 0.5
0.5 0.5
0.6667 0.3333
0.3333 0.6667
0.5 0.5
0.5 0.5
0.6667 0.3333
0.5 0.5
0.6667 0.3333
0.6667 0.3333
0.8333 0.1667
0.3333 0.6667
0.5 0.5
0.5 0.5
0.6667 0.3333
0.5 0.5
0.6667 0.3333
0.6667 0.3333
0.8333 0.1667
0.5 0.5
0.6667 0.3333
0.6667 0.3333
0.8333 0.1667
0.6667 0.3333
0.8333 0.1667
0.8333 0.1667
1 0

0 1
0.2 0.8
0.2 0.8
0.4 0.6
0.2 0.8
0.4 0.6
0.4 0.6
0.6 0.4
0.2 0.8
0.4 0.6
0.4 0.6
0.6 0.4
0.4 0.6
0.6 0.4
0.6 0.4
0.8 0.2
0.2 0.8
0.4 0.6
0.4 0.6
0.6 0.4
0.4 0.6
0.6 0.4
0.6 0.4
0.8 0.2
0.4 0.6
0.6 0.4
0.6 0.4
0.8 0.2
0.6 0.4
0.8 0.2
0.8 0.2
1 0

0 1
0.5 0.5
0.5 0.5
1 0

