10 17

start startorder input_song_name search_for_song_info show_song_info delete_song sort_song add_song show_song_list stop Serial1 Serial2 Serial3 Serial4 Serial5 Parallel1 Availability

0 0 0 0 0 0 0 0 0 0 1 0 0 0 0 0 0
0 0 0 0 0 0 0 0 0 0 1 0 0 0 0 0 0
0 0 0 0 0 0 0 0 0 0 1 0 0 0 0 0 0
0 0 0 0 0 0 0 0 0 0 1 0 0 0 0 0 0
0 0 0 0 0 0 0 0 0 0 1 0 0 0 0 0 0
0 0 0 0 0 0 0 0 0 0 0 0 1 0 0 0 0
0 0 0 0 0 0 0 0 0 0 0 0 0 1 0 0 0
0 0 0 0 0 0 0 0 0 0 0 0 0 0 1 0 0
0 0 0 0 0 0 0 0 0 0 0 1 0 0 0 0 0
0 0 0 0 0 0 0 0 0 0 0 1 0 0 0 0 0
0 0 0 0 0 0 0 0 0 0 0 0 0 0 0 0 1
0 0 0 0 0 0 0 0 0 0 0 0 0 0 0 0 1
0 0 0 0 0 0 0 0 0 0 0 0 0 0 0 1 0
0 0 0 0 0 0 0 0 0 0 0 0 0 0 0 1 0
0 0 0 0 0 0 0 0 0 0 0 0 0 0 0 1 0
0 0 0 0 0 0 0 0 0 0 0 0 0 0 0 0 1
0 0 0 0 0 0 0 0 0 0 0 0 0 0 0 0 0

0.9 0.1

0.74 0.26

0.74 0.26

0.675 0.325

0.74 0.26

0.74 0.26

0.74 0.26

0.74 0.26

0.74 0.26

0.9 0.1

0 1
0.14 0.86
0.14 0.86
0.28 0.72
0.14 0.86
0.28 0.72
0.28 0.72
0.42 0.58
0.14 0.86
0.28 0.72
0.28 0.72
0.42 0.58
0.28 0.72
0.42 0.58
0.42 0.58
0.56 0.44
0.14 0.86
0.28 0.72
0.28 0.72
0.42 0.58
0.28 0.72
0.42 0.58
0.42 0.58
0.56 0.44
0.28 0.72
0.42 0.58
0.42 0.58
0.56 0.44
0.42 0.58
0.56 0.44
0.56 0.44
1 0

0 1
0.35 0.65
0.35 0.65
1 0

0 1
1 0

0 1
1 0

0 1
1 0

0 1
0.3333 0.6667
0.3333 0.6667
0.6667 0.3333
0.3333 0.6667
0.6667 0.3333
0.6667 0.3333
1 0

0 1
0.3333 0.6667
0.3333 0.6667
0.6667 0.3333
0.3333 0.6667
0.6667 0.3333
0.6667 0.3333
1 0

