10 21

start Log_in View_schedule View_School_Schedule View_Faculty_Schedule View_class_Schedule View_Course_Schedule View_Myself_Schedule Export_to_Excel stop big_circle1 Serial1 Serial2 Serial3 Serial4 Serial5 Serial6 Serial7 Serial8 Parallel1 Availability

0 0 0 0 0 0 0 0 0 0 0 1 0 0 0 0 0 0 0 0 0
0 0 0 0 0 0 0 0 0 0 1 0 0 0 0 0 0 0 0 0 0
0 0 0 0 0 0 0 0 0 0 0 0 1 0 0 0 0 0 0 0 0
0 0 0 0 0 0 0 0 0 0 0 0 0 0 1 0 0 0 0 0 0
0 0 0 0 0 0 0 0 0 0 0 0 0 0 0 1 0 0 0 0 0
0 0 0 0 0 0 0 0 0 0 0 0 0 0 0 0 1 0 0 0 0
0 0 0 0 0 0 0 0 0 0 0 0 0 0 0 0 0 1 0 0 0
0 0 0 0 0 0 0 0 0 0 0 0 0 0 0 0 0 0 1 0 0
0 0 0 0 0 0 0 0 0 0 0 0 0 1 0 0 0 0 0 0 0
0 0 0 0 0 0 0 0 0 0 0 0 0 1 0 0 0 0 0 0 0
0 0 0 0 0 0 0 0 0 0 0 0 0 0 0 0 0 0 0 0 1
0 0 0 0 0 0 0 0 0 0 0 0 0 0 0 0 0 0 0 0 1
0 0 0 0 0 0 0 0 0 0 0 0 0 0 0 0 0 0 0 0 1
0 0 0 0 0 0 0 0 0 0 0 0 0 0 0 0 0 0 0 0 1
0 0 0 0 0 0 0 0 0 0 0 0 0 0 0 0 0 0 0 1 0
0 0 0 0 0 0 0 0 0 0 0 0 0 0 0 0 0 0 0 1 0
0 0 0 0 0 0 0 0 0 0 0 0 0 0 0 0 0 0 0 1 0
0 0 0 0 0 0 0 0 0 0 0 0 0 0 0 0 0 0 0 1 0
0 0 0 0 0 0 0 0 0 0 0 0 0 0 0 0 0 0 0 1 0
0 0 0 0 0 0 0 0 0 0 0 0 0 0 0 0 0 0 0 0 1
0 0 0 0 0 0 0 0 0 0 0 0 0 0 0 0 0 0 0 0 0

0.9 0.1

0.52171 0.47829

0.5105 0.4895

0.5672 0.4328

0.5672 0.4328

0.5672 0.4328

0.5672 0.4328

0.5672 0.4328

0.5105 0.4895

0.9 0.1

0 1
1 0

0 1
1 0

0 1
1 0

0 1
0.35 0.65
0.35 0.65
1 0

0 1
1 0

0 1
1 0

0 1
1 0

0 1
1 0

0 1
1 0

0 1
0.2 0.8
0.2 0.8
0.4 0.6
0.2 0.8
0.4 0.6
0.4 0.6
0.6 0.4
0.2 0.8
0.4 0.6
0.4 0.6
0.6 0.4
0.4 0.6
0.6 0.4
0.6 0.4
0.8 0.2
0.2 0.8
0.4 0.6
0.4 0.6
0.6 0.4
0.4 0.6
0.6 0.4
0.6 0.4
0.8 0.2
0.4 0.6
0.6 0.4
0.6 0.4
0.8 0.2
0.6 0.4
0.8 0.2
0.8 0.2
1 0

0 1
0.2 0.8
0.2 0.8
0.4 0.6
0.2 0.8
0.4 0.6
0.4 0.6
0.6 0.4
0.2 0.8
0.4 0.6
0.4 0.6
0.6 0.4
0.4 0.6
0.6 0.4
0.6 0.4
0.8 0.2
0.2 0.8
0.4 0.6
0.4 0.6
0.6 0.4
0.4 0.6
0.6 0.4
0.6 0.4
0.8 0.2
0.4 0.6
0.6 0.4
0.6 0.4
0.8 0.2
0.6 0.4
0.8 0.2
0.8 0.2
1 0

