11

attack1 attack2 Control Input Shifter Alphabetizer Storage Output Restoration Reliability Resilience

0 0 0 1 0 0 0 0 0 0 0 
0 0 0 0 1 0 0 0 0 0 0 
0 0 0 0 0 0 0 0 1 1 0 
0 0 1 0 0 0 0 0 1 1 0 
0 0 1 0 0 1 0 0 1 1 0 
0 0 1 0 0 0 0 1 1 1 0 
0 0 0 1 1 0 0 0 1 1 0 
0 0 1 0 0 0 0 0 1 1 0 
0 0 0 0 0 0 0 0 0 0 1 
0 0 0 0 0 0 0 0 1 0 1 
0 0 0 0 0 0 0 0 0 0 0 

0.65 0.35

0.65 0.35

0.2 0.8
0.45 0.55
0.45 0.55
0.7 0.3
0.45 0.55
0.7 0.3
0.7 0.3
0.95 0.05
0.45 0.55
0.7 0.3
0.7 0.3
0.95 0.05
0.7 0.3
0.95 0.05
0.95 0.05
1 0

0.2 0.8
1 0
0.1 0.9
0.7 0.3

0.2 0.8
1 0
0.1 0.9
0.7 0.3

0.2 0.8
1 0

1 0

0.2 0.8
1 0

0 1
0.1429 0.8571
0.1429 0.8571
0.2857 0.7143
0.1429 0.8571
0.2857 0.7143
0.2857 0.7143
0.4286 0.5714
0.1429 0.8571
0.2857 0.7143
0.2857 0.7143
0.4286 0.5714
0.2857 0.7143
0.4286 0.5714
0.4286 0.5714
0.5714 0.4286
0.1429 0.8571
0.2857 0.7143
0.2857 0.7143
0.4286 0.5714
0.2857 0.7143
0.4286 0.5714
0.4286 0.5714
0.5714 0.4286
0.2857 0.7143
0.4286 0.5714
0.4286 0.5714
0.5714 0.4286
0.4286 0.5714
0.5714 0.4286
0.5714 0.4286
0.7143 0.2857
0.1429 0.8571
0.2857 0.7143
0.2857 0.7143
0.4286 0.5714
0.2857 0.7143
0.4286 0.5714
0.4286 0.5714
0.5714 0.4286
0.2857 0.7143
0.4286 0.5714
0.4286 0.5714
0.5714 0.4286
0.4286 0.5714
0.5714 0.4286
0.5714 0.4286
0.7143 0.2857
0.2857 0.7143
0.4286 0.5714
0.4286 0.5714
0.5714 0.4286
0.4286 0.5714
0.5714 0.4286
0.5714 0.4286
0.7143 0.2857
0.4286 0.5714
0.5714 0.4286
0.5714 0.4286
0.7143 0.2857
0.5714 0.4286
0.7143 0.2857
0.7143 0.2857
0.8571 0.1429
0.1429 0.8571
0.2857 0.7143
0.2857 0.7143
0.4286 0.5714
0.2857 0.7143
0.4286 0.5714
0.4286 0.5714
0.5714 0.4286
0.2857 0.7143
0.4286 0.5714
0.4286 0.5714
0.5714 0.4286
0.4286 0.5714
0.5714 0.4286
0.5714 0.4286
0.7143 0.2857
0.2857 0.7143
0.4286 0.5714
0.4286 0.5714
0.5714 0.4286
0.4286 0.5714
0.5714 0.4286
0.5714 0.4286
0.7143 0.2857
0.4286 0.5714
0.5714 0.4286
0.5714 0.4286
0.7143 0.2857
0.5714 0.4286
0.7143 0.2857
0.7143 0.2857
0.8571 0.1429
0.2857 0.7143
0.4286 0.5714
0.4286 0.5714
0.5714 0.4286
0.4286 0.5714
0.5714 0.4286
0.5714 0.4286
0.7143 0.2857
0.4286 0.5714
0.5714 0.4286
0.5714 0.4286
0.7143 0.2857
0.5714 0.4286
0.7143 0.2857
0.7143 0.2857
0.8571 0.1429
0.4286 0.5714
0.5714 0.4286
0.5714 0.4286
0.7143 0.2857
0.5714 0.4286
0.7143 0.2857
0.7143 0.2857
0.8571 0.1429
0.5714 0.4286
0.7143 0.2857
0.7143 0.2857
0.8571 0.1429
0.7143 0.2857
0.8571 0.1429
0.8571 0.1429
1 0

0 1
0.1667 0.8333
0.1667 0.8333
0.3333 0.6667
0.1667 0.8333
0.3333 0.6667
0.3333 0.6667
0.5 0.5
0.1667 0.8333
0.3333 0.6667
0.3333 0.6667
0.5 0.5
0.3333 0.6667
0.5 0.5
0.5 0.5
0.6667 0.3333
0.1667 0.8333
0.3333 0.6667
0.3333 0.6667
0.5 0.5
0.3333 0.6667
0.5 0.5
0.5 0.5
0.6667 0.3333
0.3333 0.6667
0.5 0.5
0.5 0.5
0.6667 0.3333
0.5 0.5
0.6667 0.3333
0.6667 0.3333
0.8333 0.1667
0.1667 0.8333
0.3333 0.6667
0.3333 0.6667
0.5 0.5
0.3333 0.6667
0.5 0.5
0.5 0.5
0.6667 0.3333
0.3333 0.6667
0.5 0.5
0.5 0.5
0.6667 0.3333
0.5 0.5
0.6667 0.3333
0.6667 0.3333
0.8333 0.1667
0.3333 0.6667
0.5 0.5
0.5 0.5
0.6667 0.3333
0.5 0.5
0.6667 0.3333
0.6667 0.3333
0.8333 0.1667
0.5 0.5
0.6667 0.3333
0.6667 0.3333
0.8333 0.1667
0.6667 0.3333
0.8333 0.1667
0.8333 0.1667
1 0

0 1
0.5 0.5
0.5 0.5
1 0

