10 17

start startorder input_song_name search_for_song_info show_song_info delete_song sort_song add_song show_song_list stop path1 path2 path3 intermediate_node1_5 intermediate_node2_2 main_path Availability

0 0 0 0 0 0 0 0 0 0 0 0 0 1 0 0 0
0 0 0 0 0 0 0 0 0 0 0 0 0 1 0 0 0
0 0 0 0 0 0 0 0 0 0 0 0 0 1 0 0 0
0 0 0 0 0 0 0 0 0 0 0 0 0 1 0 0 0
0 0 0 0 0 0 0 0 0 0 0 0 0 1 0 0 0
0 0 0 0 0 0 0 0 0 0 0 0 1 0 0 0 0
0 0 0 0 0 0 0 0 0 0 0 1 0 0 0 0 0
0 0 0 0 0 0 0 0 0 0 1 0 0 0 0 0 0
0 0 0 0 0 0 0 0 0 0 0 0 0 0 1 0 0
0 0 0 0 0 0 0 0 0 0 0 0 0 0 1 0 0
0 0 0 0 0 0 0 0 0 0 0 0 0 0 0 1 0
0 0 0 0 0 0 0 0 0 0 0 0 0 0 0 1 0
0 0 0 0 0 0 0 0 0 0 0 0 0 0 0 1 0
0 0 0 0 0 0 0 0 0 0 1 1 1 0 0 0 0
0 0 0 0 0 0 0 0 0 0 1 1 1 0 0 0 0
0 0 0 0 0 0 0 0 0 0 0 0 0 0 0 0 1
0 0 0 0 0 0 0 0 0 0 0 0 0 0 0 0 0

0.9 0.1

0.891 0.109

0.891 0.109

0.9 0.1

0.891 0.109

0.891 0.109

0.891 0.109

0.891 0.109

0.891 0.109

0.9 0.1

0 1
0.175 0.825
0.4375 0.5625
0.6125 0.3875
0.0875 0.9125
0.2625 0.7375
0.525 0.475
1 0

0 1
0.175 0.825
0.4375 0.5625
0.6125 0.3875
0.0875 0.9125
0.2625 0.7375
0.525 0.475
1 0

0 1
0.175 0.825
0.4375 0.5625
0.6125 0.3875
0.0875 0.9125
0.2625 0.7375
0.525 0.475
1 0

0 1
0.14 0.86
0.14 0.86
0.28 0.72
0.14 0.86
0.28 0.72
0.28 0.72
0.42 0.58
0.14 0.86
0.28 0.72
0.28 0.72
0.42 0.58
0.28 0.72
0.42 0.58
0.42 0.58
0.56 0.44
0.14 0.86
0.28 0.72
0.28 0.72
0.42 0.58
0.28 0.72
0.42 0.58
0.42 0.58
0.56 0.44
0.28 0.72
0.42 0.58
0.42 0.58
0.56 0.44
0.42 0.58
0.56 0.44
0.56 0.44
1 0

0 1
0.35 0.65
0.35 0.65
1 0

0 1
0.3333 0.6667
0.3333 0.6667
0.6667 0.3333
0.3333 0.6667
0.6667 0.3333
0.6667 0.3333
1 0

0 1
1 0
