20 26

start click_sign_in enter_username_and_password send_username_and_password receive_username_and_password valid_username_and_password server_check_id_info send_id_info_to_database id_database_receive_id_info id_database_check_id_info id_database_send_check_results save_user_info server_send_user_info_to_database user_database_receive_user_info user_database_save_user_info user_database_send_save_results send_sign_in_result receive_sign_in_result show_sign_in_result stop Serial1 Serial2 Serial3 Serial4 Parallel1 Availability

0 0 0 0 0 0 0 0 0 0 0 0 0 0 0 0 0 0 0 0 1 0 0 0 0 0
0 0 0 0 0 0 0 0 0 0 0 0 0 0 0 0 0 0 0 0 1 0 0 0 0 0
0 0 0 0 0 0 0 0 0 0 0 0 0 0 0 0 0 0 0 0 1 0 0 0 0 0
0 0 0 0 0 0 0 0 0 0 0 0 0 0 0 0 0 0 0 0 1 0 0 0 0 0
0 0 0 0 0 0 0 0 0 0 0 0 0 0 0 0 0 0 0 0 1 0 0 0 0 0
0 0 0 0 0 0 0 0 0 0 0 0 0 0 0 0 0 0 0 0 1 0 0 0 0 0
0 0 0 0 0 0 0 0 0 0 0 0 0 0 0 0 0 0 0 0 0 0 1 0 0 0
0 0 0 0 0 0 0 0 0 0 0 0 0 0 0 0 0 0 0 0 0 0 1 0 0 0
0 0 0 0 0 0 0 0 0 0 0 0 0 0 0 0 0 0 0 0 0 0 1 0 0 0
0 0 0 0 0 0 0 0 0 0 0 0 0 0 0 0 0 0 0 0 0 0 1 0 0 0
0 0 0 0 0 0 0 0 0 0 0 0 0 0 0 0 0 0 0 0 0 0 1 0 0 0
0 0 0 0 0 0 0 0 0 0 0 0 0 0 0 0 0 0 0 0 0 0 1 0 0 0
0 0 0 0 0 0 0 0 0 0 0 0 0 0 0 0 0 0 0 0 0 0 1 0 0 0
0 0 0 0 0 0 0 0 0 0 0 0 0 0 0 0 0 0 0 0 0 0 1 0 0 0
0 0 0 0 0 0 0 0 0 0 0 0 0 0 0 0 0 0 0 0 0 0 1 0 0 0
0 0 0 0 0 0 0 0 0 0 0 0 0 0 0 0 0 0 0 0 0 0 1 0 0 0
0 0 0 0 0 0 0 0 0 0 0 0 0 0 0 0 0 0 0 0 0 1 0 0 0 0
0 0 0 0 0 0 0 0 0 0 0 0 0 0 0 0 0 0 0 0 0 1 0 0 0 0
0 0 0 0 0 0 0 0 0 0 0 0 0 0 0 0 0 0 0 0 0 1 0 0 0 0
0 0 0 0 0 0 0 0 0 0 0 0 0 0 0 0 0 0 0 0 0 1 0 0 0 0
0 0 0 0 0 0 0 0 0 0 0 0 0 0 0 0 0 0 0 0 0 0 0 0 0 1
0 0 0 0 0 0 0 0 0 0 0 0 0 0 0 0 0 0 0 0 0 0 0 0 0 1
0 0 0 0 0 0 0 0 0 0 0 0 0 0 0 0 0 0 0 0 0 0 0 0 1 0
0 0 0 0 0 0 0 0 0 0 0 0 0 0 0 0 0 0 0 0 0 0 0 0 1 0
0 0 0 0 0 0 0 0 0 0 0 0 0 0 0 0 0 0 0 0 0 0 0 0 0 1
0 0 0 0 0 0 0 0 0 0 0 0 0 0 0 0 0 0 0 0 0 0 0 0 0 0

0.9 0.1

0.5242 0.4758

0.5242 0.4758

0.5242 0.4758

0.74 0.26

0.74 0.26

0.74 0.26

0.74 0.26

0.675 0.325

0.675 0.325

0.675 0.325

0.74 0.26

0.74 0.26

0.675 0.325

0.675 0.325

0.675 0.325

0.74 0.26

0.5242 0.4758

0.5242 0.4758

0.9 0.1

0 1
0.1167 0.8833
0.1167 0.8833
0.2333 0.7667
0.1167 0.8833
0.2333 0.7667
0.2333 0.7667
0.35 0.65
0.1167 0.8833
0.2333 0.7667
0.2333 0.7667
0.35 0.65
0.2333 0.7667
0.35 0.65
0.35 0.65
0.4667 0.5333
0.1167 0.8833
0.2333 0.7667
0.2333 0.7667
0.35 0.65
0.2333 0.7667
0.35 0.65
0.35 0.65
0.4667 0.5333
0.2333 0.7667
0.35 0.65
0.35 0.65
0.4667 0.5333
0.35 0.65
0.4667 0.5333
0.4667 0.5333
0.5833 0.4167
0.1167 0.8833
0.2333 0.7667
0.2333 0.7667
0.35 0.65
0.2333 0.7667
0.35 0.65
0.35 0.65
0.4667 0.5333
0.2333 0.7667
0.35 0.65
0.35 0.65
0.4667 0.5333
0.35 0.65
0.4667 0.5333
0.4667 0.5333
0.5833 0.4167
0.2333 0.7667
0.35 0.65
0.35 0.65
0.4667 0.5333
0.35 0.65
0.4667 0.5333
0.4667 0.5333
0.5833 0.4167
0.35 0.65
0.4667 0.5333
0.4667 0.5333
0.5833 0.4167
0.4667 0.5333
0.5833 0.4167
0.5833 0.4167
1 0

0 1
0.175 0.825
0.175 0.825
0.35 0.65
0.175 0.825
0.35 0.65
0.35 0.65
0.525 0.475
0.175 0.825
0.35 0.65
0.35 0.65
0.525 0.475
0.35 0.65
0.525 0.475
0.525 0.475
1 0

0 1
0.07 0.93
0.07 0.93
0.14 0.86
0.07 0.93
0.14 0.86
0.14 0.86
0.21 0.79
0.07 0.93
0.14 0.86
0.14 0.86
0.21 0.79
0.14 0.86
0.21 0.79
0.21 0.79
0.28 0.72
0.07 0.93
0.14 0.86
0.14 0.86
0.21 0.79
0.14 0.86
0.21 0.79
0.21 0.79
0.28 0.72
0.14 0.86
0.21 0.79
0.21 0.79
0.28 0.72
0.21 0.79
0.28 0.72
0.28 0.72
0.35 0.65
0.07 0.93
0.14 0.86
0.14 0.86
0.21 0.79
0.14 0.86
0.21 0.79
0.21 0.79
0.28 0.72
0.14 0.86
0.21 0.79
0.21 0.79
0.28 0.72
0.21 0.79
0.28 0.72
0.28 0.72
0.35 0.65
0.14 0.86
0.21 0.79
0.21 0.79
0.28 0.72
0.21 0.79
0.28 0.72
0.28 0.72
0.35 0.65
0.21 0.79
0.28 0.72
0.28 0.72
0.35 0.65
0.28 0.72
0.35 0.65
0.35 0.65
0.42 0.58
0.07 0.93
0.14 0.86
0.14 0.86
0.21 0.79
0.14 0.86
0.21 0.79
0.21 0.79
0.28 0.72
0.14 0.86
0.21 0.79
0.21 0.79
0.28 0.72
0.21 0.79
0.28 0.72
0.28 0.72
0.35 0.65
0.14 0.86
0.21 0.79
0.21 0.79
0.28 0.72
0.21 0.79
0.28 0.72
0.28 0.72
0.35 0.65
0.21 0.79
0.28 0.72
0.28 0.72
0.35 0.65
0.28 0.72
0.35 0.65
0.35 0.65
0.42 0.58
0.14 0.86
0.21 0.79
0.21 0.79
0.28 0.72
0.21 0.79
0.28 0.72
0.28 0.72
0.35 0.65
0.21 0.79
0.28 0.72
0.28 0.72
0.35 0.65
0.28 0.72
0.35 0.65
0.35 0.65
0.42 0.58
0.21 0.79
0.28 0.72
0.28 0.72
0.35 0.65
0.28 0.72
0.35 0.65
0.35 0.65
0.42 0.58
0.28 0.72
0.35 0.65
0.35 0.65
0.42 0.58
0.35 0.65
0.42 0.58
0.42 0.58
0.49 0.51
0.07 0.93
0.14 0.86
0.14 0.86
0.21 0.79
0.14 0.86
0.21 0.79
0.21 0.79
0.28 0.72
0.14 0.86
0.21 0.79
0.21 0.79
0.28 0.72
0.21 0.79
0.28 0.72
0.28 0.72
0.35 0.65
0.14 0.86
0.21 0.79
0.21 0.79
0.28 0.72
0.21 0.79
0.28 0.72
0.28 0.72
0.35 0.65
0.21 0.79
0.28 0.72
0.28 0.72
0.35 0.65
0.28 0.72
0.35 0.65
0.35 0.65
0.42 0.58
0.14 0.86
0.21 0.79
0.21 0.79
0.28 0.72
0.21 0.79
0.28 0.72
0.28 0.72
0.35 0.65
0.21 0.79
0.28 0.72
0.28 0.72
0.35 0.65
0.28 0.72
0.35 0.65
0.35 0.65
0.42 0.58
0.21 0.79
0.28 0.72
0.28 0.72
0.35 0.65
0.28 0.72
0.35 0.65
0.35 0.65
0.42 0.58
0.28 0.72
0.35 0.65
0.35 0.65
0.42 0.58
0.35 0.65
0.42 0.58
0.42 0.58
0.49 0.51
0.14 0.86
0.21 0.79
0.21 0.79
0.28 0.72
0.21 0.79
0.28 0.72
0.28 0.72
0.35 0.65
0.21 0.79
0.28 0.72
0.28 0.72
0.35 0.65
0.28 0.72
0.35 0.65
0.35 0.65
0.42 0.58
0.21 0.79
0.28 0.72
0.28 0.72
0.35 0.65
0.28 0.72
0.35 0.65
0.35 0.65
0.42 0.58
0.28 0.72
0.35 0.65
0.35 0.65
0.42 0.58
0.35 0.65
0.42 0.58
0.42 0.58
0.49 0.51
0.21 0.79
0.28 0.72
0.28 0.72
0.35 0.65
0.28 0.72
0.35 0.65
0.35 0.65
0.42 0.58
0.28 0.72
0.35 0.65
0.35 0.65
0.42 0.58
0.35 0.65
0.42 0.58
0.42 0.58
0.49 0.51
0.28 0.72
0.35 0.65
0.35 0.65
0.42 0.58
0.35 0.65
0.42 0.58
0.42 0.58
0.49 0.51
0.35 0.65
0.42 0.58
0.42 0.58
0.49 0.51
0.42 0.58
0.49 0.51
0.49 0.51
0.56 0.44
0.07 0.93
0.14 0.86
0.14 0.86
0.21 0.79
0.14 0.86
0.21 0.79
0.21 0.79
0.28 0.72
0.14 0.86
0.21 0.79
0.21 0.79
0.28 0.72
0.21 0.79
0.28 0.72
0.28 0.72
0.35 0.65
0.14 0.86
0.21 0.79
0.21 0.79
0.28 0.72
0.21 0.79
0.28 0.72
0.28 0.72
0.35 0.65
0.21 0.79
0.28 0.72
0.28 0.72
0.35 0.65
0.28 0.72
0.35 0.65
0.35 0.65
0.42 0.58
0.14 0.86
0.21 0.79
0.21 0.79
0.28 0.72
0.21 0.79
0.28 0.72
0.28 0.72
0.35 0.65
0.21 0.79
0.28 0.72
0.28 0.72
0.35 0.65
0.28 0.72
0.35 0.65
0.35 0.65
0.42 0.58
0.21 0.79
0.28 0.72
0.28 0.72
0.35 0.65
0.28 0.72
0.35 0.65
0.35 0.65
0.42 0.58
0.28 0.72
0.35 0.65
0.35 0.65
0.42 0.58
0.35 0.65
0.42 0.58
0.42 0.58
0.49 0.51
0.14 0.86
0.21 0.79
0.21 0.79
0.28 0.72
0.21 0.79
0.28 0.72
0.28 0.72
0.35 0.65
0.21 0.79
0.28 0.72
0.28 0.72
0.35 0.65
0.28 0.72
0.35 0.65
0.35 0.65
0.42 0.58
0.21 0.79
0.28 0.72
0.28 0.72
0.35 0.65
0.28 0.72
0.35 0.65
0.35 0.65
0.42 0.58
0.28 0.72
0.35 0.65
0.35 0.65
0.42 0.58
0.35 0.65
0.42 0.58
0.42 0.58
0.49 0.51
0.21 0.79
0.28 0.72
0.28 0.72
0.35 0.65
0.28 0.72
0.35 0.65
0.35 0.65
0.42 0.58
0.28 0.72
0.35 0.65
0.35 0.65
0.42 0.58
0.35 0.65
0.42 0.58
0.42 0.58
0.49 0.51
0.28 0.72
0.35 0.65
0.35 0.65
0.42 0.58
0.35 0.65
0.42 0.58
0.42 0.58
0.49 0.51
0.35 0.65
0.42 0.58
0.42 0.58
0.49 0.51
0.42 0.58
0.49 0.51
0.49 0.51
0.56 0.44
0.14 0.86
0.21 0.79
0.21 0.79
0.28 0.72
0.21 0.79
0.28 0.72
0.28 0.72
0.35 0.65
0.21 0.79
0.28 0.72
0.28 0.72
0.35 0.65
0.28 0.72
0.35 0.65
0.35 0.65
0.42 0.58
0.21 0.79
0.28 0.72
0.28 0.72
0.35 0.65
0.28 0.72
0.35 0.65
0.35 0.65
0.42 0.58
0.28 0.72
0.35 0.65
0.35 0.65
0.42 0.58
0.35 0.65
0.42 0.58
0.42 0.58
0.49 0.51
0.21 0.79
0.28 0.72
0.28 0.72
0.35 0.65
0.28 0.72
0.35 0.65
0.35 0.65
0.42 0.58
0.28 0.72
0.35 0.65
0.35 0.65
0.42 0.58
0.35 0.65
0.42 0.58
0.42 0.58
0.49 0.51
0.28 0.72
0.35 0.65
0.35 0.65
0.42 0.58
0.35 0.65
0.42 0.58
0.42 0.58
0.49 0.51
0.35 0.65
0.42 0.58
0.42 0.58
0.49 0.51
0.42 0.58
0.49 0.51
0.49 0.51
0.56 0.44
0.21 0.79
0.28 0.72
0.28 0.72
0.35 0.65
0.28 0.72
0.35 0.65
0.35 0.65
0.42 0.58
0.28 0.72
0.35 0.65
0.35 0.65
0.42 0.58
0.35 0.65
0.42 0.58
0.42 0.58
0.49 0.51
0.28 0.72
0.35 0.65
0.35 0.65
0.42 0.58
0.35 0.65
0.42 0.58
0.42 0.58
0.49 0.51
0.35 0.65
0.42 0.58
0.42 0.58
0.49 0.51
0.42 0.58
0.49 0.51
0.49 0.51
0.56 0.44
0.28 0.72
0.35 0.65
0.35 0.65
0.42 0.58
0.35 0.65
0.42 0.58
0.42 0.58
0.49 0.51
0.35 0.65
0.42 0.58
0.42 0.58
0.49 0.51
0.42 0.58
0.49 0.51
0.49 0.51
0.56 0.44
0.35 0.65
0.42 0.58
0.42 0.58
0.49 0.51
0.42 0.58
0.49 0.51
0.49 0.51
0.56 0.44
0.42 0.58
0.49 0.51
0.49 0.51
0.56 0.44
0.49 0.51
0.56 0.44
0.56 0.44
0.63 0.37
0.07 0.93
0.14 0.86
0.14 0.86
0.21 0.79
0.14 0.86
0.21 0.79
0.21 0.79
0.28 0.72
0.14 0.86
0.21 0.79
0.21 0.79
0.28 0.72
0.21 0.79
0.28 0.72
0.28 0.72
0.35 0.65
0.14 0.86
0.21 0.79
0.21 0.79
0.28 0.72
0.21 0.79
0.28 0.72
0.28 0.72
0.35 0.65
0.21 0.79
0.28 0.72
0.28 0.72
0.35 0.65
0.28 0.72
0.35 0.65
0.35 0.65
0.42 0.58
0.14 0.86
0.21 0.79
0.21 0.79
0.28 0.72
0.21 0.79
0.28 0.72
0.28 0.72
0.35 0.65
0.21 0.79
0.28 0.72
0.28 0.72
0.35 0.65
0.28 0.72
0.35 0.65
0.35 0.65
0.42 0.58
0.21 0.79
0.28 0.72
0.28 0.72
0.35 0.65
0.28 0.72
0.35 0.65
0.35 0.65
0.42 0.58
0.28 0.72
0.35 0.65
0.35 0.65
0.42 0.58
0.35 0.65
0.42 0.58
0.42 0.58
0.49 0.51
0.14 0.86
0.21 0.79
0.21 0.79
0.28 0.72
0.21 0.79
0.28 0.72
0.28 0.72
0.35 0.65
0.21 0.79
0.28 0.72
0.28 0.72
0.35 0.65
0.28 0.72
0.35 0.65
0.35 0.65
0.42 0.58
0.21 0.79
0.28 0.72
0.28 0.72
0.35 0.65
0.28 0.72
0.35 0.65
0.35 0.65
0.42 0.58
0.28 0.72
0.35 0.65
0.35 0.65
0.42 0.58
0.35 0.65
0.42 0.58
0.42 0.58
0.49 0.51
0.21 0.79
0.28 0.72
0.28 0.72
0.35 0.65
0.28 0.72
0.35 0.65
0.35 0.65
0.42 0.58
0.28 0.72
0.35 0.65
0.35 0.65
0.42 0.58
0.35 0.65
0.42 0.58
0.42 0.58
0.49 0.51
0.28 0.72
0.35 0.65
0.35 0.65
0.42 0.58
0.35 0.65
0.42 0.58
0.42 0.58
0.49 0.51
0.35 0.65
0.42 0.58
0.42 0.58
0.49 0.51
0.42 0.58
0.49 0.51
0.49 0.51
0.56 0.44
0.14 0.86
0.21 0.79
0.21 0.79
0.28 0.72
0.21 0.79
0.28 0.72
0.28 0.72
0.35 0.65
0.21 0.79
0.28 0.72
0.28 0.72
0.35 0.65
0.28 0.72
0.35 0.65
0.35 0.65
0.42 0.58
0.21 0.79
0.28 0.72
0.28 0.72
0.35 0.65
0.28 0.72
0.35 0.65
0.35 0.65
0.42 0.58
0.28 0.72
0.35 0.65
0.35 0.65
0.42 0.58
0.35 0.65
0.42 0.58
0.42 0.58
0.49 0.51
0.21 0.79
0.28 0.72
0.28 0.72
0.35 0.65
0.28 0.72
0.35 0.65
0.35 0.65
0.42 0.58
0.28 0.72
0.35 0.65
0.35 0.65
0.42 0.58
0.35 0.65
0.42 0.58
0.42 0.58
0.49 0.51
0.28 0.72
0.35 0.65
0.35 0.65
0.42 0.58
0.35 0.65
0.42 0.58
0.42 0.58
0.49 0.51
0.35 0.65
0.42 0.58
0.42 0.58
0.49 0.51
0.42 0.58
0.49 0.51
0.49 0.51
0.56 0.44
0.21 0.79
0.28 0.72
0.28 0.72
0.35 0.65
0.28 0.72
0.35 0.65
0.35 0.65
0.42 0.58
0.28 0.72
0.35 0.65
0.35 0.65
0.42 0.58
0.35 0.65
0.42 0.58
0.42 0.58
0.49 0.51
0.28 0.72
0.35 0.65
0.35 0.65
0.42 0.58
0.35 0.65
0.42 0.58
0.42 0.58
0.49 0.51
0.35 0.65
0.42 0.58
0.42 0.58
0.49 0.51
0.42 0.58
0.49 0.51
0.49 0.51
0.56 0.44
0.28 0.72
0.35 0.65
0.35 0.65
0.42 0.58
0.35 0.65
0.42 0.58
0.42 0.58
0.49 0.51
0.35 0.65
0.42 0.58
0.42 0.58
0.49 0.51
0.42 0.58
0.49 0.51
0.49 0.51
0.56 0.44
0.35 0.65
0.42 0.58
0.42 0.58
0.49 0.51
0.42 0.58
0.49 0.51
0.49 0.51
0.56 0.44
0.42 0.58
0.49 0.51
0.49 0.51
0.56 0.44
0.49 0.51
0.56 0.44
0.56 0.44
0.63 0.37
0.14 0.86
0.21 0.79
0.21 0.79
0.28 0.72
0.21 0.79
0.28 0.72
0.28 0.72
0.35 0.65
0.21 0.79
0.28 0.72
0.28 0.72
0.35 0.65
0.28 0.72
0.35 0.65
0.35 0.65
0.42 0.58
0.21 0.79
0.28 0.72
0.28 0.72
0.35 0.65
0.28 0.72
0.35 0.65
0.35 0.65
0.42 0.58
0.28 0.72
0.35 0.65
0.35 0.65
0.42 0.58
0.35 0.65
0.42 0.58
0.42 0.58
0.49 0.51
0.21 0.79
0.28 0.72
0.28 0.72
0.35 0.65
0.28 0.72
0.35 0.65
0.35 0.65
0.42 0.58
0.28 0.72
0.35 0.65
0.35 0.65
0.42 0.58
0.35 0.65
0.42 0.58
0.42 0.58
0.49 0.51
0.28 0.72
0.35 0.65
0.35 0.65
0.42 0.58
0.35 0.65
0.42 0.58
0.42 0.58
0.49 0.51
0.35 0.65
0.42 0.58
0.42 0.58
0.49 0.51
0.42 0.58
0.49 0.51
0.49 0.51
0.56 0.44
0.21 0.79
0.28 0.72
0.28 0.72
0.35 0.65
0.28 0.72
0.35 0.65
0.35 0.65
0.42 0.58
0.28 0.72
0.35 0.65
0.35 0.65
0.42 0.58
0.35 0.65
0.42 0.58
0.42 0.58
0.49 0.51
0.28 0.72
0.35 0.65
0.35 0.65
0.42 0.58
0.35 0.65
0.42 0.58
0.42 0.58
0.49 0.51
0.35 0.65
0.42 0.58
0.42 0.58
0.49 0.51
0.42 0.58
0.49 0.51
0.49 0.51
0.56 0.44
0.28 0.72
0.35 0.65
0.35 0.65
0.42 0.58
0.35 0.65
0.42 0.58
0.42 0.58
0.49 0.51
0.35 0.65
0.42 0.58
0.42 0.58
0.49 0.51
0.42 0.58
0.49 0.51
0.49 0.51
0.56 0.44
0.35 0.65
0.42 0.58
0.42 0.58
0.49 0.51
0.42 0.58
0.49 0.51
0.49 0.51
0.56 0.44
0.42 0.58
0.49 0.51
0.49 0.51
0.56 0.44
0.49 0.51
0.56 0.44
0.56 0.44
0.63 0.37
0.21 0.79
0.28 0.72
0.28 0.72
0.35 0.65
0.28 0.72
0.35 0.65
0.35 0.65
0.42 0.58
0.28 0.72
0.35 0.65
0.35 0.65
0.42 0.58
0.35 0.65
0.42 0.58
0.42 0.58
0.49 0.51
0.28 0.72
0.35 0.65
0.35 0.65
0.42 0.58
0.35 0.65
0.42 0.58
0.42 0.58
0.49 0.51
0.35 0.65
0.42 0.58
0.42 0.58
0.49 0.51
0.42 0.58
0.49 0.51
0.49 0.51
0.56 0.44
0.28 0.72
0.35 0.65
0.35 0.65
0.42 0.58
0.35 0.65
0.42 0.58
0.42 0.58
0.49 0.51
0.35 0.65
0.42 0.58
0.42 0.58
0.49 0.51
0.42 0.58
0.49 0.51
0.49 0.51
0.56 0.44
0.35 0.65
0.42 0.58
0.42 0.58
0.49 0.51
0.42 0.58
0.49 0.51
0.49 0.51
0.56 0.44
0.42 0.58
0.49 0.51
0.49 0.51
0.56 0.44
0.49 0.51
0.56 0.44
0.56 0.44
0.63 0.37
0.28 0.72
0.35 0.65
0.35 0.65
0.42 0.58
0.35 0.65
0.42 0.58
0.42 0.58
0.49 0.51
0.35 0.65
0.42 0.58
0.42 0.58
0.49 0.51
0.42 0.58
0.49 0.51
0.49 0.51
0.56 0.44
0.35 0.65
0.42 0.58
0.42 0.58
0.49 0.51
0.42 0.58
0.49 0.51
0.49 0.51
0.56 0.44
0.42 0.58
0.49 0.51
0.49 0.51
0.56 0.44
0.49 0.51
0.56 0.44
0.56 0.44
0.63 0.37
0.35 0.65
0.42 0.58
0.42 0.58
0.49 0.51
0.42 0.58
0.49 0.51
0.49 0.51
0.56 0.44
0.42 0.58
0.49 0.51
0.49 0.51
0.56 0.44
0.49 0.51
0.56 0.44
0.56 0.44
0.63 0.37
0.42 0.58
0.49 0.51
0.49 0.51
0.56 0.44
0.49 0.51
0.56 0.44
0.56 0.44
0.63 0.37
0.49 0.51
0.56 0.44
0.56 0.44
0.63 0.37
0.56 0.44
0.63 0.37
0.63 0.37
1 0

1 0

0 1
0.5 0.5
0.5 0.5
1 0

0 1
0.3333 0.6667
0.3333 0.6667
0.6667 0.3333
0.3333 0.6667
0.6667 0.3333
0.6667 0.3333
1 0

