6 10

start input shifter alphabetizer output stop path1 intermediate_node1_6 main_path Availability

0 0 0 0 0 0 0 1 0 0
0 0 0 0 0 0 0 1 0 0
0 0 0 0 0 0 0 1 0 0
0 0 0 0 0 0 0 1 0 0
0 0 0 0 0 0 0 1 0 0
0 0 0 0 0 0 0 1 0 0
0 0 0 0 0 0 0 0 1 0
0 0 0 0 0 0 1 0 0 0
0 0 0 0 0 0 0 0 0 1
0 0 0 0 0 0 0 0 0 0

0.9 0.1

0.675 0.325

0.5661 0.4339

0.6529 0.3471

0.7223 0.2777

0.9 0.1

0 1
1 0

0 1
0.1167 0.8833
0.1167 0.8833
0.2333 0.7667
0.1167 0.8833
0.2333 0.7667
0.2333 0.7667
0.35 0.65
0.1167 0.8833
0.2333 0.7667
0.2333 0.7667
0.35 0.65
0.2333 0.7667
0.35 0.65
0.35 0.65
0.4667 0.5333
0.1167 0.8833
0.2333 0.7667
0.2333 0.7667
0.35 0.65
0.2333 0.7667
0.35 0.65
0.35 0.65
0.4667 0.5333
0.2333 0.7667
0.35 0.65
0.35 0.65
0.4667 0.5333
0.35 0.65
0.4667 0.5333
0.4667 0.5333
0.5833 0.4167
0.1167 0.8833
0.2333 0.7667
0.2333 0.7667
0.35 0.65
0.2333 0.7667
0.35 0.65
0.35 0.65
0.4667 0.5333
0.2333 0.7667
0.35 0.65
0.35 0.65
0.4667 0.5333
0.35 0.65
0.4667 0.5333
0.4667 0.5333
0.5833 0.4167
0.2333 0.7667
0.35 0.65
0.35 0.65
0.4667 0.5333
0.35 0.65
0.4667 0.5333
0.4667 0.5333
0.5833 0.4167
0.35 0.65
0.4667 0.5333
0.4667 0.5333
0.5833 0.4167
0.4667 0.5333
0.5833 0.4167
0.5833 0.4167
1 0

0 1
1 0

0 1
1 0

